Timestamp start: 1684982757549
Timestamp end: 1684984558076

#type       avg     std     min      p5     p10     p50     p67     p75     p80     p85     p90     p95     p99    p999   p9999      QPS   target
read      451.0   397.9   187.4   270.6   301.2   423.0   467.6   494.4   512.6   536.0   565.5   615.6   804.5  7562.3 14886.6   7377.2     7434
read      357.1   211.9   160.7   222.4   236.0   317.2   372.8   412.6   444.6   484.1   531.7   590.3   719.2  1934.4  9345.0  67025.0    67201
read      342.1   232.4   160.7   220.5   232.2   304.4   348.4   379.8   404.8   437.9   482.0   546.8   734.6  3151.1  7969.0  85958.0    85927
read      400.3   447.5   160.7   221.1   233.3   324.5   403.1   457.3   498.6   546.2   607.6   709.8  1140.2  4732.3 16450.6  63895.3    63953
read      443.9   474.7   173.5   222.5   236.8   376.1   492.2   552.4   589.9   632.2   683.8   764.1  1047.9  5047.7 24114.0  31618.8    31595
read      388.4   515.1   160.7   220.5   233.0   324.5   388.9   430.5   464.7   510.0   573.4   685.2  1153.1  4171.1 13716.6  87861.9    87879
read      459.1   505.6   173.5   266.4   296.7   433.4   481.7   508.3   527.9   547.9   577.5   625.4   854.1  6127.9 30769.0   7285.6     7287
read      409.6   573.8   160.7   219.1   231.1   333.2   412.1   464.4   507.0   557.2   621.5   726.8  1185.5  6102.7 22142.9  62217.6    62295
read      484.4   682.8   173.5   263.3   294.2   433.3   486.4   515.6   536.6   560.8   591.3   643.5  1761.2  8349.1 32095.1   6545.1     6561
read      516.1   804.6   173.5   227.2   244.1   429.4   539.3   593.7   634.1   684.0   753.6   896.9  1352.3 12049.8 32420.7  22591.2    22532
read      535.0   908.7   160.7   218.7   230.6   331.5   413.4   476.7   530.5   600.3   724.5  1301.8  4135.1  7839.8 31364.1  60663.0    60653
read      456.4   627.4   160.7   218.4   230.0   329.4   412.9   471.0   519.4   575.0   650.0   815.5  3699.2  6312.3 25307.8  59041.7    59076
read      503.1   832.9   160.7   218.7   230.5   332.4   414.7   475.7   527.1   590.5   690.4  1059.4  4052.8  7688.0 31004.4  60193.3    60154
read      512.9   797.5   173.5   227.0   243.7   425.1   537.7   593.1   634.1   684.9   758.1   903.6  1410.6 11767.3 31772.3  22979.4    22964
read      536.3  1077.3   173.5   251.1   278.9   451.1   518.0   548.5   571.6   595.5   632.3   692.9  3107.2 16641.8 32272.5   8159.0     8172
read      502.7   718.7   160.7   225.0   240.9   406.8   522.3   581.2   623.7   676.1   748.5   920.3  1671.2  8843.2 31659.5  27604.8    27652
read      483.6   700.8   160.7   221.2   234.9   366.7   482.7   548.4   591.7   642.3   714.6   865.9  3039.0  8023.1 31203.0  37671.6    37594
read      487.4   584.0   173.5   225.5   241.7   411.5   521.0   574.8   612.1   656.8   721.8   857.4  1445.5  7852.2 25788.9  24496.4    24367
read      491.3   766.7   160.7   222.0   236.4   379.7   495.8   558.8   600.7   651.7   728.3   900.9  2034.5  9617.2 31750.5  33681.4    33771
read      438.4   719.2   160.7   216.1   227.7   313.4   374.1   416.8   453.5   504.1   579.5   760.9  3833.3  7111.6 30792.7  84926.4    84944
read      401.1   613.0   160.7   216.3   227.5   309.3   367.8   406.8   439.9   484.6   546.5   666.3  2850.8  6349.8 23905.5  85557.1    85666
read      407.6   431.3   160.7   217.3   229.2   332.2   418.9   476.2   521.2   568.9   623.9   707.0  1123.0  4365.6 15091.4  51979.3    51918
read      506.5   796.0   160.7   220.6   234.4   379.5   499.1   563.3   608.5   664.8   744.9   943.2  3376.3 10636.9 31578.2  34397.9    34406
read      489.7   642.6   160.7   223.9   239.3   403.8   522.5   580.0   621.6   672.6   741.5   886.0  1370.9  8060.6 30931.8  28660.8    28664
read      444.2   449.8   173.5   222.8   237.1   367.1   479.9   543.0   584.3   631.1   691.0   800.9  1244.6  4973.7 13747.3  38297.2    38289
read      433.2   438.1   173.5   224.2   239.6   395.8   483.7   525.3   550.4   579.8   616.1   674.2   954.5  4744.5 20074.6  20616.4    20658
read      548.6  1110.4   173.5   229.2   248.6   442.0   534.6   578.5   609.7   646.0   696.6   806.9  3503.4 18979.1 36562.7  13776.8    13840
read      520.3   915.8   160.7   220.1   234.1   346.5   420.5   476.4   527.3   593.7   713.8  1080.3  3981.1  8971.4 31909.1  93429.0    93419
read      409.6   543.4   160.7   216.9   228.6   318.8   378.1   416.0   448.1   492.3   556.3   685.8  3454.4  4949.5 22461.0  98341.0    98284
read      410.0   543.6   160.7   214.9   226.7   316.4   384.8   431.1   469.1   519.5   583.2   697.4  2841.6  5088.5 24128.6  71318.2    71313
read      446.8   671.7   160.7   216.5   228.8   341.1   440.1   506.0   548.7   596.3   655.8   754.5  2169.4  8078.6 30967.7  42047.9    42089
read      585.7  1030.8   160.7   217.8   230.3   344.0   447.8   524.2   580.6   654.5   806.9  1625.0  4127.0  9753.3 31862.2  46511.9    46458
read      550.0   981.8   160.7   222.7   238.0   396.1   518.7   585.7   638.1   711.5   833.6  1103.7  3692.1 14266.6 32304.3  30636.0    30755
read      546.5   957.7   160.7   215.8   228.3   341.9   450.4   529.0   586.1   664.4   829.2  1439.9  3931.9 12101.6 31797.4  42775.1    42889
read      394.4   528.6   160.7   214.4   226.4   312.0   367.6   402.7   433.2   473.9   533.8   641.6  2730.3  4939.3 17691.9  93495.0    93552
read      396.7   474.6   160.7   213.6   225.6   316.4   387.4   435.4   475.3   525.4   584.0   678.5  1418.3  4799.6 16662.5  65662.1    65694
read      426.5   469.0   160.7   218.5   230.9   362.7   472.2   530.5   564.3   598.8   641.4   711.7   921.1  6286.7 19089.2  29510.0    29574
read      392.0   375.4   160.7   213.7   226.1   324.8   410.1   468.4   514.5   562.7   617.3   693.8   933.7  4185.9 15169.7  51353.6    51355
read      397.9   501.5   160.7   213.8   225.9   315.8   384.4   431.8   470.8   521.9   583.5   681.8  1525.0  4569.2 19912.4  67515.7    67361
read      438.9   388.2   160.7   228.1   245.5   414.2   495.2   532.4   556.2   583.4   617.5   670.9   858.4  4614.0 15871.9  16280.4    16287
read      399.2   528.6   160.7   214.4   226.2   313.7   375.4   416.6   451.3   497.9   561.0   677.1  2262.6  5092.5 24401.7  81445.6    81508
read      402.5   505.4   160.7   216.0   227.8   317.1   378.0   418.5   452.3   498.0   562.9   685.0  2527.5  4626.2 16747.1  87557.7    87619
read      414.4   560.4   160.7   217.8   229.7   321.6   381.4   420.2   453.2   498.5   564.9   702.8  3515.1  5039.6 19800.8  99021.8    99068
read      405.4   477.3   160.7   215.5   227.7   329.1   415.4   473.3   519.2   567.0   622.2   705.8  1047.0  5092.8 24198.5  51203.4    51267
read      451.3   511.6   173.5   237.1   257.9   422.9   486.3   518.3   539.2   563.8   592.9   644.8   905.8  7040.6 26177.6  11836.2    11822
read      392.9   509.3   160.7   215.2   227.2   314.4   370.4   405.8   436.2   478.1   538.9   651.9  2112.8  4487.9 18845.2  97373.6    97494
read      409.2   573.1   160.7   215.6   227.7   317.6   376.6   415.5   447.7   492.3   557.8   690.0  3205.5  4854.7 25292.0  97312.2    97350
read      409.5   503.2   160.7   215.7   227.8   327.9   409.9   466.4   511.0   561.4   620.7   713.6  1172.5  5899.2 20333.8  55467.6    55460
read      400.5   524.9   160.7   215.0   226.8   314.8   375.2   415.5   449.3   495.0   557.5   679.4  2394.0  4923.9 17770.8  85880.3    85984
read      396.3   525.4   160.7   214.0   225.8   311.1   371.6   411.8   445.3   490.2   550.1   664.3  2523.0  4483.0 22228.8  82046.4    82043
read      401.2   409.1   160.7   216.7   228.6   328.9   411.1   467.1   512.4   561.4   619.0   702.4  1025.6  4326.2 15295.3  52958.2    52873
read      459.6   532.8   173.5   234.9   254.7   429.5   503.2   537.4   560.3   586.0   621.2   676.8   915.9  7671.7 25313.6  13920.3    13911
read      407.9   438.7   160.7   219.0   231.3   337.0   425.0   484.1   528.8   576.1   631.9   718.3  1012.7  4322.4 21725.4  50000.8    49984
read      460.1   404.4   173.5   252.1   277.7   432.1   487.5   517.2   537.7   561.7   591.4   642.4  1162.2  5179.9 15391.4   9305.8     9274
read      445.0   367.7   160.7   222.1   236.8   391.3   501.2   553.5   588.1   628.3   680.3   765.5  1092.1  4283.5 13722.9  27153.1    27187
read      442.8   420.7   160.7   226.0   242.6   408.7   501.5   542.7   570.2   600.0   636.8   695.6   894.2  4779.9 17917.1  18616.0    18735
read      382.0   463.9   160.7   214.9   226.7   314.4   373.5   412.7   445.4   490.3   550.9   662.2  1190.0  4834.0 17295.0  86334.8    86505
read      398.7   467.0   160.7   217.3   229.2   321.1   382.9   423.0   457.2   503.7   571.4   703.5  1549.4  4548.0 15884.0  93161.9    93039
read      395.2   445.1   160.7   216.5   228.2   320.9   389.4   434.2   472.2   522.5   587.8   699.9  1268.7  5036.1 13675.5  75981.3    75999
read      422.7   338.4   160.7   219.0   231.4   360.3   471.3   532.9   570.2   609.3   657.4   732.4   968.2  4131.5  9609.8  32312.8    32324
read      377.0   426.5   160.7   213.9   225.8   311.7   370.8   410.2   443.0   487.1   546.5   650.9  1128.7  4283.8 15807.3  84158.8    84255
read      380.1   427.0   160.7   214.9   226.8   315.3   376.6   418.0   452.3   498.0   559.1   665.1  1103.3  4330.3 14726.3  81626.9    81759
read      421.0   384.9   160.7   218.9   231.3   355.0   458.8   521.8   562.0   604.3   655.0   731.7   978.9  4424.3 12480.1  37282.4    37291
read      402.1   497.9   160.7   216.0   228.1   330.1   414.2   471.6   516.9   565.7   623.5   708.5  1035.7  4345.4 24295.6  53746.2    53818
read      429.5   399.0   160.7   219.9   233.0   368.1   479.0   537.9   574.0   612.7   660.0   735.0   977.1  4322.1 15713.8  30342.7    30297
read      418.6   383.4   160.7   217.9   230.0   356.5   464.9   525.0   561.0   597.9   641.8   714.1   932.5  4243.9 13073.1  31545.6    31569
read      417.4   417.8   160.7   217.5   229.8   347.6   448.2   511.6   553.1   596.5   646.9   730.9  1010.1  4730.8 12884.4  38798.6    38927
read      443.3   508.1   173.5   240.5   263.0   414.6   470.1   500.2   521.0   543.4   573.6   621.7   823.0  7001.1 26525.5  10672.0    10652
read      389.8   456.5   160.7   217.4   229.3   320.3   378.1   415.4   446.8   490.8   552.4   673.0  1314.8  4341.0 14628.9  98007.6    98119
read      400.1   401.2   160.7   214.7   227.0   331.8   419.2   477.8   522.4   569.7   623.7   703.0   987.1  4479.8 11875.6  48174.7    48176
read      415.7   401.9   160.7   215.8   228.3   348.8   452.7   513.6   551.8   590.7   636.9   709.5   933.1  4978.3 14938.8  34947.0    34929
read      382.9   359.2   160.7   214.1   226.1   317.3   387.4   434.0   472.4   521.8   581.4   677.7  1093.0  4021.3 12859.6  69670.7    69735
read      425.7   357.4   160.7   222.1   237.1   389.8   483.4   527.3   553.6   582.7   618.7   674.4   844.6  4489.2 11997.2  20801.1    20753
read      379.7   433.3   160.7   213.6   225.6   313.3   372.6   412.4   445.6   489.3   548.1   655.3  1174.7  4368.0 13623.6  84777.9    84642
read      403.3   358.4   160.7   215.5   227.9   339.5   434.1   495.4   537.2   580.4   631.8   711.4   957.4  4037.1 13068.4  42348.9    42333
read      385.3   352.9   160.7   215.0   227.0   321.8   396.2   447.2   489.0   538.9   597.5   686.2   992.6  4123.8 12142.6  61628.6    61587
read      384.3   413.1   160.7   214.4   226.4   315.7   379.2   421.6   456.9   503.4   565.1   667.1  1178.9  4365.4 14554.5  78037.9    77998
read      400.9   511.0   160.7   217.3   229.1   321.0   380.5   419.1   451.6   496.4   562.0   690.7  1673.7  4391.9 19805.4  97578.9    97625
read      429.5   344.1   160.7   222.1   236.5   383.4   489.0   537.8   568.0   599.9   639.6   705.3   899.7  3976.3 12510.3  23936.7    23781
read      392.5   505.7   160.7   215.6   227.6   321.6   394.7   444.1   485.0   534.3   593.9   690.0  1090.3  4511.8 15388.9  66714.9    66723
read      428.2   439.3   160.7   219.8   232.4   363.8   472.0   531.3   567.9   607.0   653.4   725.2   965.0  4645.0 16073.1  31027.1    31016
read      401.1   344.0   160.7   215.2   227.6   336.1   425.2   483.0   525.7   571.9   627.4   713.2  1017.7  4032.3 12551.5  47564.7    47394
read      391.2   466.9   160.7   217.5   229.2   320.2   379.9   418.7   451.3   495.8   558.0   676.7  1294.7  4334.0 15817.1  95297.2    95335
read      447.0   565.5   173.5   268.9   294.3   399.4   442.8   467.3   487.0   508.5   539.0   589.8  1237.9  8488.4 26100.3   5252.7     5252
read      383.4   421.7   160.7   214.1   226.2   317.9   387.7   435.0   474.0   522.9   580.1   670.2  1036.2  4182.2 16148.1  65683.1    65908
read      431.7   374.6   173.5   226.3   242.6   404.7   485.9   523.2   545.5   573.5   607.4   662.0   854.4  4698.9 11462.4  16936.3    16889
read      444.7   378.3   160.7   223.3   240.0   400.0   476.2   528.9   568.4   614.6   671.5   751.4   992.4  5139.1 12650.7  42945.9    42912
read      404.5   495.3   160.7   218.9   231.0   325.0   384.9   424.5   458.2   503.9   571.3   704.0  1663.5  4390.8 16527.6  99805.4    99898
read      428.1   414.6   160.7   220.6   234.2   372.2   476.9   530.4   563.1   596.8   639.1   709.1   929.7  5040.9 13729.1  26501.9    26385
read      441.2   532.5   160.7   222.1   236.5   386.2   485.7   533.3   563.2   594.3   635.1   700.0  1006.8  6995.6 28115.9  22641.2    22616
read      398.8   404.5   160.7   216.1   228.1   331.8   418.1   476.1   520.0   568.2   624.0   705.0   978.5  4364.4 12748.3  50501.7    50605
read      382.4   437.7   160.7   215.5   227.2   314.4   372.1   409.2   440.9   484.5   545.3   658.1  1245.4  4339.0 15872.5  90322.1    90283
read      420.4   358.0   160.7   220.1   233.1   368.4   470.8   522.9   554.0   587.4   629.4   691.4   910.3  4176.5 12773.8  26258.7    26273
read      405.4   417.2   160.7   217.6   229.4   338.4   426.5   484.7   527.2   573.4   629.0   714.1  1017.7  4694.7 12876.8  48456.7    48521
read      420.6   421.8   160.7   219.5   231.6   356.8   456.5   513.3   549.4   589.4   638.2   718.0  1001.9  5170.5 12599.6  34039.9    34058
read      384.0   385.0   160.7   216.8   228.1   319.4   385.8   429.3   465.1   512.1   574.1   679.2  1133.6  4008.5 14454.8  75606.4    75648
read      448.3   558.7   173.5   225.1   240.7   402.0   492.4   534.7   561.3   590.0   627.4   685.6   981.0  8076.0 30587.9  19605.3    19482
read      445.2   409.9   160.7   241.1   261.1   424.9   487.3   518.0   538.4   562.0   590.5   639.8   844.0  4937.3 16839.3  15069.8    15054
read      365.5   223.8   160.7   219.2   229.8   308.8   372.3   419.4   456.5   502.7   563.1   664.8   966.3  2287.5  6185.6  75621.1    75754
read      429.6   510.4   173.5   270.6   296.6   390.4   428.8   451.6   467.5   490.3   519.4   568.0   783.2  8103.0 18438.6   5204.3     5187
read      431.2   562.9   173.5   225.1   241.5   392.9   465.9   503.9   528.9   555.1   588.5   641.4   848.6  8438.9 29312.6  17642.0    17656
read      402.4   553.6   160.7   217.1   228.7   317.6   375.2   413.1   444.1   486.6   546.0   666.2  2887.2  5033.1 23979.2  96200.3    96343
read      405.5   318.5   160.7   216.9   229.1   345.8   445.6   503.8   541.7   582.4   630.5   701.2   907.4  3887.1 11063.0  36708.2    36665
read      394.6   486.2   160.7   214.7   226.3   312.4   372.4   411.4   443.7   486.9   546.6   660.3  2602.3  4379.7 15314.4  85439.6    85269
read      411.5   311.2   160.7   218.1   230.3   355.5   459.2   515.3   549.9   586.6   631.3   700.1   917.8  4206.4  9812.5  31532.7    31525
read      386.1   313.9   160.7   221.0   233.4   323.9   400.8   453.6   493.2   537.9   591.2   680.7   938.6  3731.3 11011.7  61777.7    61798
read      438.0   356.1   173.5   249.9   272.9   423.3   473.5   500.8   519.8   541.0   570.3   617.6   754.0  4372.8 13419.2  12250.7    12253
read      421.6   266.8   160.7   233.2   250.6   396.7   478.4   517.6   541.7   568.4   598.1   646.7   776.9  2802.6 12127.4  25699.4    25710
read      339.9   165.1   160.7   221.1   233.2   306.8   353.9   387.0   413.1   446.6   489.8   549.2   683.2  1557.9  6426.0  79948.7    79937
read      439.2   387.8   173.5   267.4   296.1   413.9   456.9   481.0   499.2   520.7   546.6   593.0   785.4  6705.3 15188.1   7323.9     7271
read      336.3   194.0   160.7   220.9   232.6   304.3   348.3   379.5   403.6   435.4   476.1   536.9   674.6  1898.9  7200.4  86016.2    85861
read      333.8   177.7   160.7   221.1   233.0   304.2   346.3   374.9   397.9   426.5   464.3   522.7   667.3  1914.6  7386.1  91235.0    91467
read      347.2   203.7   160.7   220.9   233.1   310.4   362.9   399.0   428.4   464.2   509.2   569.9   691.0  1989.0  6917.0  72292.3    72217
read      402.0   234.0   160.7   226.4   241.7   365.2   457.3   502.7   530.4   559.2   592.4   641.3   766.0  2294.6  8975.9  31049.0    31080
read      339.6   192.9   160.7   219.3   230.2   303.5   352.2   386.9   414.8   450.3   495.8   557.3   687.3  1823.7  7993.3  76756.8    76878
read      329.8   161.5   160.7   218.7   229.1   297.7   340.9   370.9   395.9   427.7   469.1   531.0   661.8  1743.5  6039.6  84679.4    84584
read      434.1   321.5   173.5   246.4   269.7   421.3   472.2   500.2   519.8   542.0   572.2   620.2   755.4  3926.4 14644.1  12514.4    12492
read      364.0   194.3   160.7   221.0   233.7   320.7   385.9   431.6   467.1   508.5   551.9   611.3   733.9  1900.3  8872.6  57067.7    57106
read      318.6   157.2   160.7   217.4   227.7   291.7   329.5   354.8   374.7   401.5   437.4   493.9   614.7  1840.0  5746.5  96292.7    96245
read      432.5   416.7   173.5   269.2   297.9   408.2   450.6   473.8   493.0   513.3   541.1   585.0   719.2  6335.4 17220.8   6754.2     6791
read      323.7   182.5   160.7   217.7   228.1   294.3   334.9   362.5   385.0   413.9   453.1   509.7   635.3  1581.9  7276.4  90727.1    90728
read      431.1   354.9   173.5   281.7   307.5   406.7   446.5   468.2   486.5   506.4   536.6   584.6   738.5  4547.4 15632.9   5160.1     5151
read      335.6   202.7   160.7   219.9   231.5   302.9   346.2   377.3   402.0   434.1   475.8   536.4   670.6  2103.8  7087.5  82743.2    82969
read      382.6   220.7   160.7   221.9   235.4   336.2   419.8   473.0   510.5   546.0   585.4   638.2   763.5  1704.3  8126.9  42560.7    42635
read      317.7   158.9   160.7   217.4   227.7   291.7   328.7   353.3   372.9   398.9   433.9   488.7   615.1  1736.4  6398.4  99435.3    99337
read      318.6   154.1   160.7   216.7   227.1   291.5   330.0   356.0   376.4   403.3   441.1   497.6   620.9  1409.1  5930.4  95230.3    95192
read      344.4   179.4   160.7   218.9   229.7   305.2   358.3   396.8   428.4   467.3   515.8   577.6   695.5  1724.3  5863.7  69374.4    69200
read      372.8   215.2   160.7   221.3   234.3   325.2   399.6   452.3   491.1   530.9   572.5   628.4   746.6  1750.8  8503.0  49314.3    49459
read      403.3   219.5   160.7   226.8   242.4   371.4   461.2   504.9   531.1   558.3   589.4   637.7   753.5  2073.8  8782.8  28990.9    29055
read      353.3   210.2   160.7   219.7   231.3   310.7   367.9   410.3   445.3   486.8   535.2   594.3   726.4  1854.6  8288.8  64308.0    64324
read      439.1   445.3   187.4   277.5   304.7   410.9   452.5   474.9   494.3   515.5   543.8   591.8   746.7  7910.8 18476.0   5712.1     5705
read      334.5   179.2   160.7   219.7   230.7   301.4   345.3   376.7   402.0   434.7   478.9   542.8   678.4  1598.2  6584.1  84712.4    84816
read      419.4   237.4   160.7   230.9   247.7   395.3   484.1   523.8   546.8   573.9   605.8   655.7   779.2  2073.4  9914.3  23723.4    23714
read      346.7   170.1   160.7   220.3   232.2   308.8   361.0   397.8   428.2   466.1   515.1   579.2   716.4  1727.5  6043.3  74145.1    74116
read      424.0   282.3   173.5   235.0   252.1   409.6   483.2   517.4   538.6   562.8   591.0   637.6   769.9  3174.7 12218.9  20013.8    19948
read      385.9   208.7   160.7   223.0   237.2   337.7   422.2   478.4   517.7   554.8   593.4   649.4   777.8  1828.7  8046.9  44263.4    44213
read      426.4   254.1   160.7   235.9   254.1   413.1   487.0   521.3   542.6   567.4   594.2   639.7   753.6  3026.4  9932.2  19482.6    19454
read      432.7   276.4   187.4   269.0   298.5   415.3   458.5   482.8   500.8   522.9   548.8   593.7   744.0  4303.0  9325.0   7199.2     7190
read      383.1   225.9   160.7   222.8   236.9   336.4   413.5   464.6   502.5   541.6   584.2   640.4   779.5  2486.5  8296.8  47615.0    47657
read      386.0   229.6   160.7   222.8   236.8   335.6   418.5   474.5   514.0   551.1   591.2   646.9   786.1  2696.5  8264.7  44310.6    44399
read      435.9   315.6   187.4   275.4   302.8   413.2   455.9   479.9   499.2   521.7   548.1   594.5   748.7  4591.3 12757.3   6475.8     6481
read      445.9   482.5   173.5   279.1   307.0   411.9   454.5   478.2   497.8   520.3   547.6   593.6   772.8  8519.9 19271.9   5805.1     5807
read      337.4   164.9   160.7   220.1   231.6   303.8   349.2   381.6   406.9   440.3   485.3   547.1   683.8  1924.3  6649.7  83107.8    83137
read      450.5   354.4   173.5   258.7   285.8   432.1   481.1   508.7   529.2   549.8   582.2   632.2   791.6  5043.6 13396.3   9483.3     9580
read      405.0   294.2   160.7   225.8   241.7   365.7   449.5   498.9   531.4   564.7   601.8   655.5   789.6  2566.0 12361.1  37329.1    37385
read      403.9   231.1   160.7   225.3   240.7   363.8   457.0   507.9   539.0   571.0   606.6   657.7   776.3  1882.8  9532.2  33822.3    33706
read      403.2   296.3   160.7   225.4   240.5   357.1   451.5   504.7   535.8   567.8   603.8   657.8   796.5  2738.9  9836.9  35189.1    35204
read      376.5   201.8   160.7   222.4   236.1   329.1   403.4   457.3   497.2   537.9   580.9   636.6   754.2  1968.7  8117.8  50432.2    50438
read      378.4   202.9   160.7   222.3   236.1   330.5   407.1   461.7   502.2   542.4   584.4   639.8   760.2  1693.5  7655.5  48926.3    48878
read      391.6   234.3   160.7   223.8   238.1   341.5   429.4   486.0   523.9   560.5   600.1   657.8   788.7  2369.4  8861.1  42774.2    42682
read      412.8   238.1   160.7   228.4   244.3   379.3   473.9   519.6   546.3   575.0   608.0   657.1   783.1  1968.8 10084.9  27395.7    27416
read      359.0   218.7   160.7   221.1   233.7   315.1   373.5   416.9   452.3   495.7   544.2   607.5   740.4  1897.2  8422.4  64487.6    64424
read      354.7   169.3   160.7   220.1   232.1   312.6   370.7   414.0   449.0   491.4   539.8   599.4   731.3  1915.9  5206.4  64364.1    64364
read      440.3   400.0   187.4   279.7   307.1   411.8   454.5   477.3   495.5   515.8   543.5   590.6   750.7  6876.1 15091.4   5506.9     5481
read      422.7   269.2   173.5   231.2   249.6   399.3   478.4   518.9   543.7   572.1   605.0   653.9   781.5  2269.3 10491.4  26163.3    26227
read      424.3   307.1   160.7   232.4   250.4   397.8   480.3   522.5   547.7   576.3   610.1   660.7   784.0  2583.4 11665.4  26660.8    26586
read      339.9   186.1   160.7   222.0   235.2   308.4   352.3   382.5   405.8   437.1   479.3   541.1   681.9  1871.8  7927.7  86253.2    86286
read      421.8   261.3   160.7   232.7   249.7   395.8   484.8   525.7   550.2   577.2   608.9   657.3   782.7  2398.4 11952.8  24468.2    24452
read      417.6   242.8   173.5   229.9   246.0   383.7   481.1   524.6   550.9   579.6   614.3   666.7   788.1  2801.3  7859.9  26772.9    26832
read      412.4   244.9   160.7   228.7   244.6   373.3   473.0   519.9   547.6   576.6   610.6   661.3   781.6  2482.0 10631.3  29659.8    29795
read      383.0   220.7   160.7   223.2   237.1   334.5   414.9   469.7   509.0   546.1   587.9   643.7   773.0  2047.8  9514.7  46202.0    46224
read      337.3   198.3   160.7   220.3   231.9   304.4   348.9   380.6   405.2   437.6   481.3   543.7   680.0  1671.8  6752.0  84506.1    84587
read      359.0   181.6   160.7   221.6   234.4   316.6   376.4   421.0   456.8   499.6   547.2   607.6   732.2  1349.3  6459.5  63352.1    63389
read      387.7   279.6   160.7   223.2   237.4   334.9   416.0   471.7   512.7   551.5   594.6   653.2   791.2  2833.9 10300.3  46945.3    46953
read      331.8   214.2   160.7   220.1   231.5   300.7   342.3   370.9   394.6   424.5   464.1   525.6   661.0  1661.6  8708.4  90566.3    90536
read      435.6   292.4   173.5   246.6   269.9   425.1   479.2   506.2   525.3   545.0   574.1   619.7   746.0  3924.8 12785.0  12526.0    12508
read      401.2   286.1   160.7   224.9   240.1   357.1   443.8   496.0   529.6   563.7   602.1   657.8   789.1  2721.1 12016.5  38421.8    38491
read      326.9   161.9   160.7   220.2   231.5   299.4   339.1   365.5   386.6   413.3   450.6   506.4   644.5  1667.0  7061.1  97683.6    97806
read      439.6   393.1   173.5   249.5   273.7   425.2   475.3   503.0   522.9   544.4   574.9   622.6   755.1  4243.9 18099.5  11805.1    11813
read      399.3   246.0   160.7   225.3   240.5   358.5   442.9   492.8   525.8   559.6   597.7   652.0   787.3  2612.9  8592.6  39604.2    39665
read      372.0   197.7   160.7   222.0   235.6   325.2   397.0   447.7   486.3   528.6   573.0   629.9   747.3  1841.5  6500.2  53521.0    53571
read      359.7   211.3   160.7   221.1   233.7   315.5   374.8   419.9   456.0   499.7   548.1   610.8   737.6  1723.9  9283.5  63434.0    63215
read      338.7   158.2   160.7   220.2   231.8   304.3   350.6   384.7   412.5   448.3   494.1   555.8   685.3  1725.4  4595.8  78802.4    78767
read      441.2   321.8   173.5   262.1   290.9   424.3   470.8   497.6   515.9   537.6   566.2   614.1   746.0  4322.6 16036.6   8639.4     8615
read      354.8   199.7   160.7   221.2   233.9   314.5   370.4   410.2   442.6   483.2   531.9   593.2   727.0  1753.5  7957.6  67922.3    67903
read      432.7   266.4   160.7   240.2   259.8   423.6   487.3   518.3   537.7   560.3   588.8   636.4   773.3  3077.5  9533.0  16377.8    16398
read      375.2   226.7   160.7   221.8   235.2   325.1   397.9   450.9   491.4   533.9   579.2   637.5   769.0  2297.3  9484.2  53377.6    53434
read      394.1   247.1   160.7   223.9   238.4   346.4   437.9   492.1   526.5   560.2   595.9   650.1   778.1  2229.6 10486.1  38105.4    38068
read      431.0   317.9   173.5   257.8   284.5   413.1   458.4   482.9   501.0   522.9   548.0   594.8   741.1  6064.1 11022.7   9162.9     9130
read      351.2   191.1   160.7   220.8   233.2   312.9   367.5   405.2   436.4   475.0   522.0   583.2   715.6  1753.3  6735.9  69198.2    69227
read      393.2   230.6   160.7   224.5   239.0   346.7   439.0   491.9   524.9   556.9   591.9   641.4   762.1  2534.0  9271.7  37538.3    37496
read      336.7   191.7   160.7   220.0   231.5   303.2   348.1   380.1   405.0   438.0   481.6   544.6   684.1  1676.4  7600.1  83894.9    83925
read      377.3   206.4   160.7   222.8   236.7   328.9   403.0   456.2   495.3   535.5   580.2   639.3   779.2  1830.0  8145.3  51027.3    51037
read      404.1   238.2   160.7   226.4   241.6   361.4   457.9   508.9   538.0   568.8   603.8   657.7   784.9  2434.3  9122.5  33639.3    33690
read      376.0   223.9   160.7   222.6   236.4   327.9   401.2   454.5   493.5   534.4   578.0   634.3   753.9  2154.5  8730.4  51431.3    51474
read      344.7   194.9   160.7   220.1   231.9   306.9   357.5   394.1   424.3   462.3   510.4   575.2   701.0  1437.4  6734.9  73657.9    73708
read      326.6   165.6   160.7   220.1   231.3   299.1   338.9   365.4   386.5   412.9   449.6   504.5   640.9  1656.4  5678.6  98510.9    98618
read      337.3   169.9   160.7   220.2   231.7   303.6   349.5   382.5   408.5   442.6   487.4   548.1   680.9  1394.9  7241.4  82010.7    81977
read      330.8   210.9   160.7   219.9   231.1   300.2   341.8   370.0   392.9   421.9   461.3   521.7   658.4  1895.8  7628.3  91391.4    91567
read      381.5   219.8   160.7   222.3   236.0   332.1   410.1   465.2   506.9   546.9   589.9   647.0   776.1  1882.9  8622.8  48192.1    48236
read      333.9   204.0   160.7   220.8   232.8   303.4   344.6   372.5   395.7   425.1   464.1   524.4   667.0  2174.8  7801.3  91656.7    91726
read      375.7   206.9   160.7   223.6   237.7   328.8   400.2   451.7   491.0   532.3   575.9   633.4   761.8  1745.5  7798.3  52465.1    52458
read      350.7   192.0   160.7   220.6   232.7   310.7   365.0   403.3   435.4   475.4   525.3   586.7   719.8  1861.0  7981.0  70456.1    70467
read      351.3   185.4   160.7   221.3   233.8   312.2   366.8   404.1   435.4   473.2   520.7   582.9   718.9  1992.6  6926.5  71103.4    71151
read      357.3   187.6   160.7   221.5   234.4   315.8   373.9   416.1   450.1   490.7   538.0   596.8   731.7  1705.0  7550.7  64838.0    65016
read      388.0   229.7   173.5   223.5   237.8   339.1   426.1   481.2   518.4   554.5   592.7   647.2   775.5  1984.8  7878.3  42137.1    42057
read      342.1   177.1   160.7   220.4   232.2   306.1   354.6   389.1   417.1   453.1   499.6   563.9   696.5  1754.8  5452.9  78835.4    78821
read      360.9   221.7   160.7   220.7   233.0   315.8   378.1   424.6   461.6   505.9   552.4   614.6   738.0  1609.3  8253.8  60524.4    60720
read      392.0   235.1   160.7   223.5   237.8   342.5   433.6   490.1   525.8   560.7   598.9   650.9   781.4  2089.3  9869.7  40041.6    39911
read      434.2   271.5   173.5   254.1   279.7   424.6   473.1   500.1   518.7   539.6   567.7   613.1   740.7  3333.5 12416.8  10627.7    10628