[11.3, 8.4, 3.0, 4.1]
[22.6, 21.0, 5.1, 5.1]
[35.5, 34.4, 8.1, 8.9]
[48.3, 42.5, 11.2, 8.1]
[52.3, 48.2, 19.3, 10.8]
[58.1, 52.1, 13.7, 12.5]
[58.4, 54.5, 18.7, 17.3]
[59.7, 59.2, 14.0, 17.8]
[62.0, 60.7, 12.2, 10.3]
[62.7, 63.6, 16.8, 14.0]
[64.8, 65.5, 14.7, 15.3]
[67.4, 66.7, 12.4, 10.8]
[69.1, 70.7, 12.9, 13.2]
[73.6, 75.8, 14.1, 6.9]
[77.6, 76.4, 11.8, 10.2]
[80.3, 77.4, 11.4, 11.2]
[80.3, 81.8, 9.1, 8.8]
[84.6, 85.1, 10.2, 8.0]
[88.2, 90.0, 10.4, 8.6]
[88.1, 95.1, 10.2, 7.9]
[88.9, 94.2, 13.6, 13.6]
