#type       avg     std     min      p5     p10     p50     p67     p75     p80     p85     p90     p95     p99    p999   p9999      QPS   target       ts_start         ts_end
read      263.6   212.7   148.8   188.5   195.5   242.2   270.2   288.2   301.8   318.6   341.4   371.6   436.9  2334.3  8792.3  29994.3    30000  1683880184297  1683880194432
read      270.7   240.8   148.8   190.1   197.6   246.3   275.5   295.5   311.3   330.0   353.7   386.6   482.0  2698.0 11230.4  30047.8    30005  1683880195942  1683880206065
read      268.5   239.8   148.8   189.2   197.0   245.1   273.2   291.9   306.5   323.6   346.4   378.6   465.6  2839.8 11744.2  29970.2    30010  1683880207576  1683880217695
read      269.8   222.2   160.7   191.0   199.2   247.8   276.0   294.8   309.6   327.1   350.0   380.9   455.7  2500.6  9363.1  29926.9    30015  1683880219211  1683880229318
read      270.0   248.9   148.8   189.0   196.9   247.1   276.4   295.2   310.3   328.2   351.3   383.0   449.0  3034.7 11004.0  30096.9    30020  1683880230828  1683880240941
read      270.0   569.9   148.8   190.4   198.5   246.9   275.0   293.8   308.6   326.1   348.8   382.4   475.3  2294.7  9792.9  30028.9    30025  1683880242448  1683880252562
read      268.9   445.0   148.8   189.9   197.5   245.3   273.3   292.0   306.5   323.5   346.5   377.9   453.1  3045.3 10863.6  30066.5    30030  1683880254070  1683880264180
read      269.2   216.7   148.8   191.5   200.1   248.0   275.3   293.8   308.3   325.4   348.1   379.2   463.2  2358.0 10667.1  29961.0    30035  1683880265692  1683880275796
read      268.7   248.8   148.8   190.9   198.9   245.6   273.2   291.7   306.0   322.8   345.6   376.6   458.0  2878.3 11069.7  30038.7    30040  1683880277304  1683880287411
read      269.6   213.0   148.8   189.4   197.2   246.0   274.9   294.6   310.1   328.4   352.2   385.0   474.8  2529.0  8799.0  29925.8    30045  1683880288919  1683880299028
read      282.5   334.3   148.8   191.5   199.7   245.5   274.0   293.7   309.5   328.7   353.4   389.0   633.4  5311.6 12687.7  30054.0    30050  1683880300536  1683880310652
read      282.1   358.5   160.7   192.4   200.8   245.8   273.4   292.4   307.7   326.3   350.8   386.2   561.1  5731.5 12676.7  29999.6    30055  1683880312163  1683880322275
read      283.3   337.0   148.8   188.5   195.8   246.1   278.1   298.8   315.3   335.4   359.6   392.4   545.3  5568.5 11814.8  29977.3    30060  1683880323792  1683880333920
read      274.3   269.2   148.8   190.0   197.4   245.2   274.4   293.7   309.1   327.4   351.2   383.7   482.2  4233.1  8697.6  30122.2    30065  1683880335430  1683880345537
read      278.8   391.0   148.8   188.4   194.8   237.2   265.0   283.2   297.0   315.9   340.5   373.8   637.4  7197.5 13917.4  30122.5    30070  1683880347044  1683880357155
read      272.3   320.8   148.8   189.3   195.9   240.2   268.5   287.1   301.4   319.8   343.9   374.7   470.5  5554.8 12915.0  30007.9    30075  1683880358661  1683880368780
read      276.1   330.3   148.8   190.7   198.4   244.6   272.4   290.6   304.6   321.2   344.7   375.7   469.3  5436.5 12263.9  30176.4    30080  1683880370289  1683880380399
read      276.4   329.5   148.8   188.1   195.1   243.2   272.6   292.1   307.2   325.1   349.3   383.2   490.6  4996.0 12907.4  30105.9    30085  1683880381908  1683880392022
read      269.1   270.9   148.8   190.1   197.5   243.2   270.6   289.0   303.1   320.2   343.3   373.4   465.1  3980.4 12362.1  30051.5    30090  1683880393529  1683880403635
read      266.9   230.0   148.8   187.9   194.8   242.6   271.9   291.1   306.1   324.1   348.0   379.3   458.0  3387.5  9480.0  30038.3    30095  1683880405143  1683880415254
read      266.2   232.3   148.8   190.0   197.5   243.7   270.7   288.5   301.9   318.7   341.5   372.2   442.2  3427.4 10200.3  30069.4    30100  1683880416766  1683880426873
read      268.2   245.7   148.8   189.6   197.4   245.7   273.5   291.9   306.2   323.1   346.8   379.1   446.3  2449.6 11931.9  30122.5    30105  1683880428382  1683880438492
read      270.1   250.0   148.8   190.9   199.0   246.8   273.9   292.0   306.1   322.4   345.4   375.7   452.9  3370.9 10449.1  30173.7    30110  1683880440002  1683880450122
read      264.9   218.8   148.8   190.6   198.2   242.7   269.5   287.2   300.5   318.0   341.2   371.5   446.6  2756.0  9594.5  30202.5    30115  1683880451635  1683880461770
read      269.1   217.6   148.8   190.5   198.8   248.0   276.5   294.8   309.1   325.6   347.7   377.5   439.1  2635.8  9136.1  30049.8    30120  1683880463280  1683880473391
read      265.8   228.3   148.8   188.8   196.1   244.0   272.0   290.5   304.6   321.1   344.0   372.8   443.5  2505.1 10175.7  30119.5    30125  1683880474901  1683880485004
read      270.6   206.5   148.8   191.0   199.7   250.2   279.4   297.3   312.2   329.6   352.4   382.8   452.8  1933.6  8755.1  30189.0    30130  1683880486518  1683880496622