#type       avg     std     min      p5     p10     p50     p67     p75     p80     p85     p90     p95     p99    p999   p9999      QPS   target
read      443.4   392.5   187.4   266.4   296.3   420.6   466.1   491.7   508.6   532.5   561.2   609.7   754.6  6627.7 14280.2   7406.6     7434
read      346.4   186.8   160.7   219.8   231.2   308.5   362.7   400.8   431.9   468.6   514.0   574.5   694.1  1512.5  7438.6  67249.8    67201
read      328.4   205.4   160.7   217.6   227.9   294.4   337.2   367.3   392.4   424.1   465.5   529.0   646.1  2206.6  8044.7  85718.6    85927
read      350.8   167.4   160.7   219.5   230.7   309.3   366.3   408.8   443.9   484.4   531.3   589.2   700.5  2092.9  4411.0  63690.2    63953
read      417.0   261.4   160.7   223.7   237.7   365.8   470.3   523.2   555.6   589.0   630.0   691.8   904.2  3348.4  8816.2  31631.6    31595
read      379.9   468.8   160.7   218.5   229.1   309.5   367.3   406.4   440.2   485.2   548.1   667.4  1273.6  5286.7 17563.9  88048.6    87879
read      450.6   420.5   173.5   258.0   284.9   423.2   472.8   499.6   518.8   541.5   572.0   620.3   885.9  7402.3 13254.7   7344.0     7287
read      390.9   495.9   160.7   215.3   226.7   317.2   392.2   444.5   485.9   536.3   594.9   686.5  1086.8  6285.6 20435.1  62160.0    62295
read      447.3   490.6   173.5   261.4   287.8   416.8   463.9   489.4   506.5   529.6   556.4   599.7   861.4  6372.9 29154.2   6584.4     6561
read      440.6   354.3   173.5   224.9   240.4   400.6   496.6   542.9   572.7   604.7   641.8   707.6   949.2  4869.4 12086.9  22397.4    22532
read      390.5   410.3   160.7   216.4   227.8   319.6   398.5   453.7   497.5   549.1   609.7   701.6  1069.0  4406.4 15704.4  60450.2    60653
read      393.0   368.2   160.7   217.0   228.4   323.0   403.3   460.0   503.4   555.3   617.6   714.4  1084.4  3858.8 12767.0  59244.0    59076
read      390.7   390.6   160.7   215.9   227.4   320.0   398.3   453.4   496.8   546.9   607.3   698.3  1080.4  4854.0 13372.8  60231.0    60154
read      468.6   550.7   160.7   224.1   239.2   400.2   510.8   561.8   594.3   632.6   682.2   778.6  1364.9  7950.8 26917.0  22936.6    22964
read      550.5  1114.3   173.5   248.5   275.3   450.6   516.9   550.3   573.1   596.7   634.3   703.3  3244.7 13208.9 33675.7   8229.8     8172
read      513.6   735.3   173.5   223.7   239.5   410.0   526.4   587.7   635.5   695.2   792.1  1028.4  1721.8  9754.6 31544.7  27450.0    27652
read      513.3   840.2   160.7   221.5   235.5   371.2   487.2   557.0   606.1   667.3   764.9  1047.8  3831.2  7311.3 30384.0  37534.6    37594
read      512.0   719.8   173.5   224.1   240.3   421.7   541.6   602.0   645.2   704.1   788.2   974.6  1403.8  9074.9 31131.4  24500.2    24367
read      527.4   808.0   160.7   221.4   235.9   389.7   510.9   578.3   627.3   687.9   787.5  1053.1  3659.5  8691.2 31068.5  33795.0    33771
read      572.6  1089.3   160.7   221.0   234.6   342.3   423.7   491.9   553.7   654.5   880.4  1413.0  4383.1 10951.2 32118.8  84869.4    84944
read      415.4   623.8   160.7   217.5   228.9   315.8   378.4   420.9   456.8   505.0   573.6   713.0  2760.2  7255.1 26564.8  85665.8    85666
read      406.1   351.7   160.7   218.7   230.4   336.1   425.6   485.1   527.6   575.1   630.6   714.4  1047.3  4279.3 11963.2  51914.8    51918
read      469.2   583.9   160.7   221.3   235.4   377.6   494.0   558.8   600.6   648.9   713.6   842.7  1489.5  6199.7 20402.8  34367.6    34406
read      497.2   595.9   173.5   223.7   239.1   405.3   521.1   582.3   626.3   681.4   761.8   941.6  1691.2  7431.8 29966.6  28532.4    28664
read      535.0   828.7   160.7   221.7   235.9   373.7   491.4   562.1   612.1   675.5   775.6  1092.4  3918.9  8542.6 31165.7  38195.4    38289
read      531.9   808.3   160.7   226.2   243.5   431.7   545.5   603.5   646.0   697.9   777.1   932.8  2372.6 10519.9 31478.7  20679.4    20658
read      523.7   996.3   173.5   229.4   249.1   448.7   542.2   585.8   616.7   651.9   697.3   785.1  1361.3 13255.0 37508.3  13827.6    13840
read      646.2  1294.7   160.7   224.9   241.0   365.1   478.9   573.2   650.5   775.8  1000.1  1620.9  5910.7 15472.9 35796.0  93501.6    93419
read      547.0  1019.2   160.7   221.8   236.3   354.6   442.5   518.6   582.5   663.6   806.0  1120.6  4053.7 11694.0 32491.0  98150.4    98284
read      412.2   543.0   160.7   217.9   229.0   319.8   392.7   441.7   481.7   531.7   595.6   716.7  1799.5  7040.6 17440.4  71230.6    71313
read      427.7   420.3   160.7   219.1   231.4   347.4   450.1   513.5   555.3   599.7   653.6   741.2  1260.1  4455.8 12697.6  42035.6    42089
read      538.8   920.7   160.7   218.8   230.5   342.6   445.2   515.4   568.2   632.8   742.3  1189.5  4118.7  9723.1 31645.1  46814.0    46458
read      515.2   748.3   160.7   221.5   235.9   390.5   509.3   574.8   621.4   680.2   772.3  1021.6  3171.4  8322.8 31493.7  30820.6    30755
read      494.7   724.1   160.7   216.7   229.0   347.7   454.1   522.0   570.6   627.6   717.6   997.3  3871.3  7559.1 29988.2  42910.0    42889
read      516.3   960.4   160.7   219.3   231.9   335.8   409.3   465.1   516.6   590.6   707.0  1061.9  4097.9  9939.9 31495.1  93549.2    93552
read      403.0   478.8   160.7   216.8   228.4   320.8   396.0   446.1   485.5   532.7   591.1   690.9  1393.8  6123.9 15067.5  65947.2    65694
read      433.0   353.7   160.7   222.2   236.6   377.2   489.4   545.1   579.1   616.9   663.4   734.7   938.4  4233.0  8995.1  29670.4    29574
read      509.9   943.1   160.7   218.7   230.2   335.2   427.6   493.5   543.4   606.2   703.7  1034.9  4072.2 11919.5 31896.2  51462.6    51355
read      492.3   929.3   160.7   214.8   226.7   318.3   391.6   445.3   494.1   556.2   655.0  1005.8  4116.8  8669.4 31830.8  67112.8    67361
read      511.9   734.0   160.7   228.1   246.7   438.9   543.8   594.3   629.9   673.3   735.1   858.7  1446.1  9480.9 32132.7  16275.4    16287
read      522.9   993.4   160.7   219.5   231.3   326.7   402.2   460.5   513.9   591.6   747.7  1166.9  4150.5 10126.0 32070.7  81342.6    81508
read      357.8   266.3   160.7   218.1   228.0   297.7   352.2   393.9   427.9   470.8   536.0   656.1  1105.2  2472.9  9681.6  87543.4    87619
read      354.0   272.2   160.7   218.8   228.7   297.5   346.0   382.5   411.5   450.4   508.4   633.1  1140.7  2988.7  8154.0  99181.4    99068
read      443.2   485.1   160.7   221.0   234.6   349.2   444.6   507.6   552.3   602.8   670.0   804.5  1875.8  5313.5 16087.5  51212.8    51267
read      495.1   796.7   160.7   235.5   256.8   436.6   512.0   548.8   574.7   603.9   642.4   716.1  1563.2 10154.9 32166.7  11780.8    11822
read      555.6   822.9   160.7   223.0   239.1   380.1   480.9   558.3   618.3   695.1   846.1  1187.1  3953.6  7790.3 31188.3  97431.6    97494
read      431.2   587.0   160.7   220.5   233.9   334.5   399.5   443.6   481.9   532.5   606.7   765.9  3110.8  5653.3 27183.5  97357.2    97350
read      415.2   501.1   160.7   218.2   230.1   334.8   419.9   473.3   516.6   564.5   623.8   719.4  1269.8  4350.3 20605.0  55467.0    55460
read      404.9   508.6   160.7   218.0   229.6   321.4   385.0   425.1   458.1   502.0   563.3   678.4  2324.8  4366.0 16346.5  85882.8    85984
read      408.8   597.9   160.7   215.8   227.7   320.4   385.2   427.2   462.0   506.2   566.4   681.9  2457.5  5679.0 29893.7  81786.0    82043
read      426.2   599.7   160.7   218.9   230.7   335.9   423.6   481.7   526.1   575.5   633.6   728.6  1395.5  7531.4 25702.8  52849.2    52873
read      502.9   900.9   173.5   231.3   249.9   435.2   519.0   559.9   587.3   620.7   665.7   749.8  1217.3 11902.6 32061.7  13902.0    13911
read      738.7  1631.0   173.5   219.7   232.4   340.4   441.1   534.1   627.9   885.2  1543.7  3736.8  4249.0 16576.9 32325.3  50057.6    49984
read      614.2  1526.0   173.5   247.5   272.9   461.9   539.4   576.2   600.9   630.2   674.1   774.3  4851.4 30159.7 35654.6   9247.8     9274
read      503.5  1614.4   160.7   226.1   242.5   400.7   513.3   572.7   613.3   663.1   738.0   952.1  1670.8  7599.0 31402.4  27038.2    27187
read      562.9  1328.6   173.5   230.1   248.9   434.2   544.2   597.6   635.0   683.5   753.4   914.0  3370.8 13605.2 36986.8  18730.2    18735
read      746.9  1319.1   160.7   236.0   260.7   428.7   568.0   656.8   738.3   873.4  1159.6  3632.3  4225.0  9215.8 31921.3  86555.6    86505
read      752.7  1111.8   160.7   241.7   267.4   464.0   625.7   724.2   818.4   953.2  1193.8  2700.1  4224.3 10587.8 31813.2  92897.8    93039
read      722.9  1192.5   173.5   230.2   251.9   410.8   547.9   634.2   723.2   870.0  1130.6  3517.0  4304.6  9569.3 32236.5  75883.4    75999
read      583.6  1012.7   160.7   221.7   236.2   387.4   506.5   578.6   636.6   720.9   891.3  1243.3  4008.6 12591.7 31794.1  32245.8    32324
read      737.1  1587.8   160.7   228.3   248.5   398.1   506.1   600.7   689.1   847.2  1199.4  3717.7  4193.8 11972.4 32402.6  84099.6    84255
read      775.6  1542.0   160.7   235.5   259.3   437.4   590.3   681.6   772.5   916.9  1207.4  3646.2  4350.6 15183.5 36606.3  81771.0    81759
read      643.7  1382.8   160.7   221.6   235.9   375.3   492.6   570.2   632.7   731.0   954.5  2695.8  4120.7 12187.0 32317.7  37370.6    37291
read      677.3  1379.0   160.7   219.0   231.3   338.9   433.8   514.4   588.5   731.9  1236.9  3580.5  4179.6 11306.1 32004.9  53833.2    53818
read      448.3   873.6   173.5   221.8   235.7   374.5   485.7   543.3   579.0   618.7   666.7   737.6   993.2  8030.0 31814.4  30250.2    30297
read      427.9   372.8   160.7   221.0   234.6   367.3   477.5   535.4   572.0   610.4   656.1   729.3   978.2  4715.8 13485.5  31589.6    31569
read      422.4   555.7   160.7   220.9   234.3   359.1   464.2   527.2   568.0   611.4   663.3   740.8   995.6  3782.0  8327.6  38842.4    38927
read      496.0  1788.5   173.5   243.3   266.3   426.9   488.0   518.4   540.1   565.8   595.6   650.4  1277.7 13912.2 37143.8  10564.0    10652
read      421.2   918.8   160.7   220.5   233.3   328.0   387.9   426.9   459.8   503.6   568.2   707.1  3438.9  4583.4 25943.9  97757.6    98119
read      407.6   612.7   160.7   218.9   230.6   338.6   431.1   491.0   534.8   581.1   633.7   713.5   948.3  4052.8 22018.3  48285.8    48176
read      423.8   645.4   160.7   219.7   232.5   358.7   465.2   524.6   562.8   603.0   650.3   727.1   977.2  4772.3 12817.9  34911.8    34929
read      414.6   553.7   160.7   216.6   228.4   321.3   392.9   440.2   479.1   528.6   590.0   701.0  2907.2  5311.7 22183.1  69838.6    69735
read      443.0   418.5   160.7   224.5   240.1   402.2   501.1   545.5   574.6   605.5   639.7   702.1   928.3  4559.2 13861.1  20851.6    20753
read      416.5   547.8   160.7   218.3   230.1   325.4   391.9   434.7   471.7   521.7   588.8   727.4  2447.6  5922.7 20676.1  84680.2    84642
read      430.8   536.5   160.7   219.1   231.6   350.5   451.8   513.6   556.7   600.9   658.2   746.7  1174.0  7261.5 30503.2  42266.8    42333
read      410.7   485.2   160.7   217.2   229.1   329.3   407.7   459.7   501.0   549.1   610.5   709.8  1459.7  4322.1 21482.8  61533.8    61587
read      407.0   502.5   160.7   216.6   228.5   321.6   388.7   432.5   469.0   516.4   578.6   693.7  2113.6  4391.0 13884.7  77861.2    77998
read      419.6   578.8   160.7   219.0   231.0   326.9   389.6   429.6   463.8   509.6   578.3   725.9  3372.1  4389.9 27118.8  97482.4    97625
read      429.4   297.9   160.7   222.3   237.2   388.2   491.0   540.4   571.1   603.3   640.7   704.6   914.5  3321.8  9531.8  23798.2    23781
read      397.1   483.0   160.7   214.5   226.6   319.6   390.7   438.3   477.7   526.3   584.7   681.2  1322.4  4390.5 18898.5  66700.6    66723
read      423.9   411.8   160.7   219.1   231.9   363.7   472.3   529.9   565.2   601.8   645.6   717.3   934.4  5113.0 18426.7  31135.0    31016
read      395.0   342.2   160.7   214.8   227.0   332.1   421.5   481.5   525.3   571.5   621.8   691.7   903.0  3700.5 12278.0  47333.0    47394
read      385.8   443.8   160.7   213.9   226.0   312.5   367.9   402.3   432.4   472.3   530.2   636.0  1849.2  4271.0 12726.6  95470.2    95335
read      441.5   610.5   187.4   267.8   294.1   398.2   439.3   463.3   481.1   502.4   532.9   583.3   910.8  6927.0 30562.9   5256.4     5252
read      411.6   534.5   160.7   216.1   228.0   322.7   396.8   446.7   486.3   535.3   595.4   700.9  2158.8  4857.6 22657.6  65743.8    65908
read      438.6   411.4   160.7   227.5   244.5   415.9   495.8   533.8   558.5   584.8   618.8   671.6   829.8  4389.3 14395.9  16796.6    16889
read      416.9   425.6   160.7   218.9   231.0   345.5   445.4   505.8   547.8   592.6   645.3   729.9  1045.6  4127.8 15766.1  42875.6    42912
read      421.1   510.0   160.7   219.8   232.4   330.9   394.6   435.7   470.9   518.6   587.7   733.8  3187.2  4651.0 15208.0  99627.8    99898
read      424.4   322.3   160.7   221.5   235.4   378.9   482.5   533.1   564.7   598.3   639.0   703.2   894.1  4193.9 10127.3  26317.8    26385
read      445.6   568.8   160.7   221.9   236.6   387.8   487.8   534.4   563.1   592.8   633.2   698.8   994.6  8111.6 27187.8  22674.4    22616
read      407.6   414.1   160.7   217.0   229.2   337.3   427.0   484.6   528.1   576.6   632.6   722.0  1062.7  4259.0 14156.3  50658.0    50605
read      407.2   501.8   160.7   217.8   229.6   322.3   385.8   426.4   460.1   505.2   570.5   701.7  2192.1  4702.3 15054.5  90396.6    90283
read      429.5   405.3   173.5   224.4   239.8   378.6   475.2   521.6   550.0   581.5   620.6   684.4  1029.2  4284.7 12378.2  26247.6    26273
read      433.1   411.6   160.7   219.5   231.7   346.4   452.9   519.9   565.6   618.8   685.6   816.1  1335.2  4263.2 12715.0  48717.0    48521
read      429.2   397.7   160.7   219.3   232.0   362.0   473.4   535.2   574.5   616.7   668.4   752.5  1039.8  4117.9 14293.6  34147.4    34058
read      394.1   414.0   160.7   216.3   227.9   318.5   388.1   433.7   470.8   520.8   585.8   707.4  1308.4  4244.9 13689.5  75517.2    75648
read      439.8   381.8   173.5   225.4   241.8   406.2   497.9   540.1   567.6   596.4   633.9   694.9   928.0  4237.0 12698.1  19365.2    19482
read      437.9   368.2   173.5   230.1   248.4   418.0   491.0   525.8   547.8   574.2   605.4   656.8   874.5  4112.4 15344.3  15073.0    15054
read      399.7   477.8   160.7   217.5   229.3   326.0   396.1   441.7   480.0   529.3   592.4   709.7  1228.6  5109.1 19325.2  75757.8    75754
read      432.4   348.7   173.5   272.5   298.6   402.0   446.0   470.1   489.4   509.2   541.7   592.3   864.8  5143.1 10977.6   5165.8     5187
read      450.2   771.9   173.5   230.7   251.0   419.8   501.0   541.0   567.6   594.8   632.1   692.3   952.0  3661.9 10070.0  17445.6    17656
read      435.7   617.0   160.7   220.4   233.6   334.5   400.6   446.5   486.5   539.5   620.3   798.3  2952.9  5955.5 27791.8  96268.6    96343
read      418.4   435.1   160.7   218.2   230.4   353.3   455.6   514.7   552.8   594.0   641.8   722.6   978.0  5604.2 15578.7  36590.4    36665
read      396.6   529.4   160.7   215.9   227.8   319.1   382.4   424.0   458.8   504.4   565.8   683.5  1405.2  5003.6 22763.5  85162.8    85269
read      424.3   302.4   160.7   219.2   232.1   364.7   475.1   533.8   570.5   609.8   657.1   730.4   996.4  4202.9  9536.1  31438.8    31525
read      394.0   339.5   160.7   216.0   228.2   327.1   404.8   458.4   500.9   549.5   609.4   702.6  1097.7  4061.2 12174.2  61656.8    61798
read      440.3   420.9   160.7   236.7   257.0   421.7   485.5   516.0   537.0   560.2   587.7   633.2   775.7  5144.0 13879.6  12134.4    12253
read      438.7   536.3   160.7   220.7   234.7   382.0   484.0   533.9   565.0   597.3   637.5   704.8   987.4  7640.4 30692.5  25685.8    25710
read      395.1   435.1   148.8   216.9   228.8   323.2   389.8   432.9   468.2   516.0   581.5   697.2  1330.8  4191.1 14446.5  79953.4    79937
read      431.2   334.8   173.5   257.2   283.6   406.1   454.0   479.1   498.4   521.2   549.1   601.7   815.4  5128.4 13638.1   7204.0     7271
read      381.1   423.4   160.7   215.0   227.0   316.3   376.1   414.4   446.8   490.3   549.2   656.6  1195.3  4250.3 15251.0  85826.0    85861
read      400.0   509.3   160.7   216.7   228.7   319.9   381.1   421.3   455.0   499.7   562.0   685.4  1686.8  4340.0 25246.9  91196.0    91467
read      401.0   439.5   160.7   216.6   228.6   325.4   397.0   444.9   484.4   533.3   595.6   708.6  1279.0  4315.5 13521.2  72282.6    72217
read      428.9   471.5   173.5   219.0   231.9   363.7   470.0   528.1   563.0   600.6   645.4   718.1   989.7  5757.1 24876.3  30956.8    31080
read      400.6   474.7   160.7   217.1   229.0   324.6   394.6   440.4   478.5   527.1   589.9   705.5  1279.9  4358.8 13407.0  76886.2    76878
read      407.4   548.4   160.7   217.2   229.2   323.3   388.8   431.6   467.1   514.8   581.2   707.8  1567.2  4996.4 20257.3  84628.4    84584
read      446.2   392.3   173.5   237.6   258.1   426.8   495.2   528.7   549.8   576.2   608.2   662.0   820.9  4378.0 17219.0  12542.2    12492
read      405.8   357.6   160.7   219.2   231.5   337.3   420.0   474.0   517.4   565.5   623.6   719.8  1132.4  4245.0 10204.9  57061.0    57106
read      392.4   402.4   160.7   218.4   230.5   323.7   382.9   421.0   453.0   496.2   556.5   672.2  1307.3  4229.5 12421.2  96204.2    96245
read      456.6   686.8   173.5   261.3   288.7   409.9   457.3   482.6   501.8   526.1   556.5   612.3   936.1  9694.2 30881.5   6818.6     6791
read      401.8   439.3   160.7   218.7   230.6   325.6   387.5   428.1   462.6   508.5   573.5   701.7  1561.7  4365.3 11694.3  90575.4    90728
read      435.6   625.8   187.4   270.3   296.8   399.3   441.7   465.3   483.9   505.7   535.4   580.4   767.9  8326.7 36120.4   5169.6     5151
read      392.6   426.7   160.7   215.3   227.3   319.5   383.2   424.9   459.8   505.5   566.9   676.8  1382.7  4820.7 11526.5  82603.2    82969
read      410.6   326.7   160.7   218.3   230.5   347.1   444.8   505.7   548.9   593.3   642.8   724.1   980.9  3879.5  8750.7  42676.2    42635
read      421.6   458.1   160.7   221.0   235.0   338.9   404.6   450.0   487.3   536.9   610.0   766.2  1748.1  4397.0 12171.4  99344.0    99337
read      411.4   548.6   160.7   219.4   231.8   328.3   389.6   429.0   462.7   506.9   570.7   693.5  2083.6  5062.6 27939.5  95307.0    95192
read      404.5   407.2   160.7   218.7   230.5   328.7   401.4   452.0   493.1   543.4   608.1   720.8  1315.3  4378.1 12754.6  69054.4    69200
read      399.1   355.2   160.7   216.2   228.4   334.3   422.2   480.6   523.5   569.5   622.5   700.9   959.5  4244.3 11893.7  49476.4    49459
read      440.5   482.5   173.5   221.1   235.5   374.7   488.7   545.0   579.9   618.2   666.3   740.8   988.7  6180.4 28097.3  29045.0    29055
read      400.9   383.0   160.7   217.3   229.4   330.3   407.6   460.3   502.0   551.6   614.6   713.9  1149.2  4211.2 15295.8  64255.0    64324
read      437.8   536.1   187.4   265.1   291.6   401.3   445.9   470.0   489.8   510.5   540.3   585.3   820.2  8011.9 22340.2   5768.8     5705
read      393.9   435.3   160.7   215.8   228.1   322.4   387.7   429.6   464.3   509.3   572.2   687.0  1307.3  4356.8 12579.1  84525.2    84816
read      424.9   271.5   160.7   221.3   235.5   383.8   487.6   535.9   565.7   596.1   634.3   692.7   881.0  3396.1  9818.4  23722.2    23714
read      385.0   413.3   160.7   213.7   225.8   316.5   381.5   425.6   461.6   507.9   568.0   661.9  1167.4  4384.6 12687.7  74108.4    74116
read      434.9   465.8   160.7   223.2   238.6   398.3   490.2   532.2   558.6   587.3   623.7   679.3   861.4  6599.1 23062.7  19905.6    19948
read      407.0   397.4   160.7   217.1   229.3   341.7   434.3   493.1   535.0   580.3   633.6   712.9   981.6  4878.2 12900.0  44197.8    44213
read      431.1   350.6   160.7   224.4   240.2   398.5   489.1   530.7   557.1   585.4   622.5   679.6   858.1  3806.1 14252.5  19456.2    19454
read      467.8   763.7   173.5   257.7   283.1   406.5   455.6   482.5   501.6   525.3   554.2   609.7  1938.8 11196.6 31467.0   7265.8     7190
read      408.1   337.9   160.7   218.0   230.3   345.0   434.9   493.9   536.9   582.2   635.1   721.6  1024.1  3903.3 12467.1  47576.0    47657
read      410.1   379.3   160.7   217.3   229.6   341.2   436.6   498.7   540.8   585.9   638.9   721.6   995.3  4233.0 12828.1  44416.8    44399
read      443.2   593.5   187.4   261.2   287.7   403.0   450.6   475.5   494.8   516.4   545.4   595.0   935.2  7595.6 30740.4   6442.6     6481
read      444.0   636.1   187.4   267.8   293.5   403.7   449.6   472.5   492.1   512.6   541.7   589.9   866.3  8085.8 28697.7   5812.2     5807
read      384.1   409.0   160.7   214.7   226.9   317.9   380.1   420.9   454.2   497.4   554.9   659.6  1176.9  4338.2 12438.7  82975.8    83137
read      438.7   477.2   173.5   244.3   267.9   412.0   465.8   493.7   512.3   536.2   565.4   611.3   782.4  7391.9 19260.4   9627.4     9580
read      425.6   414.3   160.7   220.0   233.5   366.0   465.4   523.7   561.2   602.1   651.5   730.3   989.0  4392.2 12271.9  37384.4    37385
read      408.2   378.9   160.7   216.2   228.7   351.0   451.1   506.9   542.4   579.8   624.9   692.7   913.1  4131.1 11094.3  33810.0    33706
read      414.1   340.8   160.7   218.9   231.2   354.6   454.1   511.7   548.6   588.0   634.6   709.2   964.4  4271.3 12401.9  35189.8    35204
read      407.0   437.2   160.7   218.6   230.5   339.4   427.4   485.4   529.3   577.6   633.1   719.4   989.3  4620.1 12570.2  50334.6    50438
read      407.5   346.1   160.7   217.9   230.2   341.4   432.2   490.9   533.7   581.4   638.6   724.5  1029.8  4308.8 12633.3  48994.6    48878
read      417.9   409.0   160.7   218.4   230.5   347.7   443.4   501.3   542.0   586.1   639.0   728.1  1053.8  4509.8 13722.6  42576.8    42682
read      431.1   433.2   160.7   220.4   234.0   372.3   479.8   533.0   565.8   599.5   639.7   709.4   950.9  5747.5 15203.8  27309.2    27416
read      392.0   456.9   160.7   215.9   228.1   323.2   396.2   447.5   487.6   535.8   593.2   684.9  1015.9  4678.1 15493.6  64444.0    64424
read      393.0   381.3   160.7   217.6   229.5   326.3   399.9   450.5   490.6   538.1   595.5   686.6  1066.1  4260.3 15135.2  64253.4    64364
read      445.2   534.1   173.5   266.6   293.4   404.0   450.8   475.3   495.4   518.4   548.1   595.9   839.3  7826.4 23127.4   5518.8     5481
read      433.8   336.2   160.7   223.1   238.7   389.7   483.1   532.0   563.5   595.9   636.7   709.2   968.9  4240.7 12547.7  26155.8    26227
read      425.5   502.9   160.7   219.6   232.8   370.9   471.6   522.4   553.5   585.5   626.8   689.3   891.8  7616.8 29841.0  26491.4    26586
read      389.7   423.8   160.7   216.0   228.1   319.9   382.8   423.4   456.9   501.3   563.2   674.2  1259.3  4282.9 11955.7  86289.8    86286
read      429.4   336.4   173.5   222.0   236.7   386.2   487.3   537.3   568.2   600.2   639.7   703.2   909.9  3769.4 15224.7  24409.8    24452
read      426.5   386.1   173.5   220.1   233.3   371.9   475.7   527.0   559.2   592.8   634.3   699.5   951.0  4914.1 11520.6  26949.4    26832
read      417.1   337.4   160.7   218.7   231.1   365.8   466.0   520.6   554.6   591.3   633.3   701.1   909.6  3804.0 12173.1  29763.2    29795
read      414.8   370.7   160.7   218.7   230.6   345.1   440.5   501.6   545.4   590.0   641.9   733.2  1078.9  4214.7 11769.5  46279.6    46224
read      411.5   595.3   160.7   217.2   229.6   327.3   393.7   435.8   471.2   518.7   584.3   718.5  1555.8  6134.6 25294.5  84732.8    84587
read      396.3   396.0   160.7   216.4   228.6   327.3   401.8   451.9   491.5   539.2   597.6   693.6  1097.4  4320.9 12357.9  63493.8    63389
read      405.1   378.9   160.7   216.9   229.2   338.2   427.6   485.9   528.3   574.2   625.9   705.4  1008.1  4234.6 11744.8  47190.4    46953
read      397.6   477.9   160.7   218.5   230.4   323.4   384.2   423.6   456.3   499.8   560.5   678.4  1441.4  4733.0 17043.6  90551.4    90536
read      447.0   398.3   173.5   238.3   259.2   426.1   493.2   525.7   546.5   572.6   603.4   654.4   803.2  5876.2 15523.0  12480.0    12508
read      424.7   421.7   160.7   219.9   232.4   357.3   460.2   521.4   562.0   604.8   657.0   738.1  1012.8  5502.5 13742.6  38392.6    38491
read      415.4   539.5   160.7   219.7   232.4   330.5   392.7   433.7   468.5   515.3   583.1   724.7  1926.7  5426.3 20480.8  98138.4    97806
read      444.6   295.2   173.5   247.5   271.2   429.9   484.0   512.8   533.6   556.2   587.3   642.7   866.5  3752.9 14022.0  11869.4    11813
read      409.2   240.7   160.7   222.8   237.4   363.5   456.3   507.5   541.8   578.9   624.5   693.7   879.5  2649.0  9520.5  39574.0    39665
read      386.4   280.2   160.7   219.2   231.0   328.1   414.7   469.6   509.4   552.1   603.0   676.6   858.9  2870.5  9549.6  53557.0    53571
read      378.3   317.5   160.7   217.8   228.9   317.4   393.4   444.3   482.0   525.9   577.4   657.7   909.3  4005.2  8948.6  63298.8    63215
read      389.1   416.3   160.7   214.7   226.7   317.0   382.5   425.1   459.8   505.4   566.6   671.7  1260.2  4334.7 11144.3  78717.0    78767
read      453.9   706.2   173.5   247.2   272.4   414.4   468.7   497.9   517.9   540.3   571.1   622.9   840.6  6943.3 32451.6   8603.2     8615
read      389.3   416.2   160.7   213.2   225.5   319.2   391.6   439.1   478.5   526.7   584.0   679.8  1153.0  4277.1 13474.8  67836.2    67903
read      436.6   383.6   160.7   225.6   242.7   408.9   489.3   526.2   549.2   576.5   610.1   666.1   870.7  4319.8 11895.8  16428.6    16398
read      389.2   346.5   160.7   213.1   225.6   325.3   407.1   462.9   505.7   552.5   604.3   681.7   944.1  4269.2 12278.6  53312.8    53434
read      404.3   364.5   160.7   213.9   226.7   342.1   442.5   503.0   543.0   583.0   628.5   692.6   915.6  3686.3 13932.0  38099.0    38068
read      432.2   320.8   173.5   245.5   269.6   415.5   470.6   500.3   520.8   543.0   573.5   619.3   764.7  3940.0 13342.2   9174.6     9130
read      391.7   438.8   160.7   213.9   226.2   319.8   391.5   438.0   476.3   523.5   581.5   676.1  1160.6  4370.2 13203.2  68994.4    69227
read      416.4   374.9   160.7   216.5   229.6   350.7   454.3   514.8   555.4   596.2   643.7   721.0   972.9  4798.5 14779.9  37576.4    37496
read      354.7   318.5   160.7   216.2   227.3   301.5   357.9   398.4   431.4   472.3   529.5   618.8   874.5  3033.1 12231.0  83726.0    83925
read      384.6   297.9   160.7   221.2   234.3   327.9   406.6   460.8   499.3   539.4   585.2   648.6   840.7  3380.8 11566.2  50887.0    51037
read      397.1   247.1   160.7   224.1   239.0   353.6   446.4   497.1   528.5   560.5   594.8   644.7   770.4  2334.7  9888.9  33671.2    33690
read      370.9   214.0   160.7   220.5   232.8   321.1   394.0   447.2   488.0   530.7   575.7   633.5   763.8  1677.2  8667.5  51509.2    51474
read      342.6   213.5   160.7   219.1   229.9   302.8   352.7   389.7   420.1   458.2   506.3   572.5   710.3  2084.3  8720.7  73709.8    73708
read      319.3   185.6   160.7   217.5   227.6   290.8   328.8   355.1   375.5   402.4   439.7   496.7   627.1  1763.7  6394.2  98797.6    98618
read      331.2   198.0   160.7   217.7   228.0   295.9   341.3   372.8   399.5   434.0   478.8   542.2   670.4  1659.7  7407.5  81691.2    81977
read      324.0   192.5   160.7   217.2   227.6   293.2   334.3   362.8   386.0   415.5   455.5   514.6   641.3  1552.8  8001.5  91826.8    91567
read      372.8   212.8   160.7   220.2   232.3   322.6   400.2   455.4   495.4   536.4   579.9   635.8   760.8  1519.6  8049.6  48376.6    48236
read      321.7   204.3   160.7   216.7   227.0   291.2   331.4   359.4   381.9   410.8   451.3   508.8   636.0  1538.9  7698.8  91685.8    91726
read      367.0   217.3   160.7   219.3   231.0   318.7   390.0   441.4   481.0   523.8   568.2   625.7   747.9  1745.2  7916.7  52426.8    52458
read      344.0   175.2   160.7   218.0   228.7   302.6   356.0   395.7   428.7   468.6   518.0   582.4   715.8  1839.6  5959.2  70526.6    70467
read      342.1   209.2   160.7   218.0   228.7   302.0   353.8   391.9   423.1   462.4   511.2   574.0   698.5  1800.9  6751.5  71010.8    71151
read      350.3   202.8   160.7   218.9   229.6   307.7   365.9   407.7   442.1   483.5   532.1   592.7   720.0  1742.9  7929.4  64959.4    65016
read      383.4   496.0   160.7   221.7   234.9   334.7   419.4   473.8   511.2   546.6   586.6   640.1   775.0  1982.5  6953.3  42095.8    42057
read      335.9   202.3   160.7   217.8   228.2   298.0   345.3   380.2   408.8   445.8   493.1   557.9   689.6  1693.5  8453.0  78721.0    78821
read      357.2   181.6   160.7   219.2   230.4   311.6   373.9   421.4   458.8   502.1   550.2   613.5   745.6  1422.7  7126.1  60816.8    60720
read      388.2   210.1   160.7   222.5   236.4   341.6   430.4   485.1   520.0   555.5   592.7   648.4   779.1  1686.1  7957.5  40026.0    39911
read      442.6   326.3   173.5   254.1   279.6   428.9   478.5   504.9   525.0   546.6   577.9   628.7   779.7  4072.1 14581.8  10598.0    10628
read      341.6   169.8   160.7   218.4   229.0   302.3   353.4   391.0   421.4   459.0   505.6   571.8   711.3  2232.8  5916.2  73796.0    73736
read      434.6   223.3   173.5   267.8   296.7   418.7   463.9   489.8   507.4   531.3   560.1   611.2   763.6  3950.5  7888.7   7322.8     7334
read      321.5   153.0   160.7   216.1   226.7   291.6   331.8   360.4   383.3   412.5   452.3   510.2   633.9  1830.9  5143.7  91644.0    91868
read      336.5   195.3   160.7   217.6   228.2   298.7   345.8   381.3   410.6   448.1   495.6   557.3   683.6  1644.7  9606.8  76507.8    76670
read      435.5   260.6   173.5   253.4   278.0   422.6   472.1   500.2   520.2   542.8   574.7   624.6   780.9  2905.3 12151.1  10394.4    10405
read      412.2   202.3   173.5   229.0   246.7   393.4   469.1   507.4   531.9   557.7   587.8   635.1   756.9  1618.8  8150.1  25932.8    26019
read      367.0   221.8   160.7   221.3   234.3   326.1   393.4   436.5   468.9   506.5   548.0   603.3   730.4  2231.3  8063.1  55534.0    55530
read      402.2   225.2   160.7   225.9   241.3   368.6   460.6   503.6   530.6   559.2   592.2   642.0   770.3  1374.6 10724.1  29702.4    29615
read      350.5   198.1   160.7   218.8   229.8   306.8   363.8   405.7   441.3   483.6   532.4   593.6   729.4  1816.9  8246.6  66057.0    66057
read      363.7   217.0   160.7   219.2   230.6   314.8   383.4   433.7   472.8   517.4   562.9   622.6   749.7  1825.7  9549.6  55490.0    55281
read      420.9   208.3   173.5   233.3   250.8   405.5   482.3   517.6   540.0   566.6   597.8   647.9   784.9  2235.1  9529.7  21237.0    21177
read      325.6   181.6   160.7   216.8   227.3   293.3   335.6   365.2   389.7   421.2   462.4   523.9   648.6  1848.5  6468.3  87889.4    88239
read      345.0   215.4   160.7   218.4   228.9   302.5   355.4   394.8   427.3   467.2   516.9   581.0   715.6  2335.6  8912.2  70184.8    70227
read      413.1   268.2   173.5   230.2   246.6   390.5   470.6   507.5   530.9   555.3   585.6   632.8   768.2  2929.1  9688.3  23487.0    23421
read      316.4   146.5   160.7   216.5   226.8   290.2   328.3   354.0   374.1   400.9   435.7   491.0   621.9  1216.7  5659.0  97301.4    97104
read      434.0   428.0   173.5   268.5   296.5   400.0   440.6   464.2   482.2   503.9   535.6   587.4   806.7  8047.9 13761.2   6181.6     6235
read      364.0   211.8   160.7   221.1   233.6   321.3   386.0   430.2   464.0   502.9   546.2   607.8   737.6  2098.6  8700.8  57924.0    58045
read      414.1   209.1   160.7   229.5   246.1   391.9   476.5   515.5   539.4   566.4   597.2   645.9   773.5  1912.3  7637.4  23650.6    23729
read      387.1   238.0   160.7   222.5   236.3   340.0   426.5   479.1   515.7   550.2   587.3   637.5   751.9  2900.8  9293.9  40838.8    40897
read      365.1   195.9   160.7   220.0   231.8   319.5   389.9   439.3   477.1   518.8   562.6   619.2   738.3  1421.5  8057.9  53347.4    53312
read      330.3   187.7   160.7   217.2   228.0   296.9   341.0   370.9   395.1   425.7   465.4   528.3   683.5  1955.2  7782.3  87310.0    87262
read      334.9   206.7   160.7   218.1   228.9   300.5   346.0   378.6   403.9   436.6   478.5   540.8   687.5  1949.7  7562.6  81825.0    81836
read      322.6   199.4   160.7   216.7   227.4   293.5   333.7   361.1   383.0   410.8   447.9   503.4   634.9  1734.3  7766.5  92249.2    92274
read      372.2   265.6   160.7   220.1   232.6   325.6   399.6   449.0   483.5   521.6   563.8   624.0   756.9  1896.0 11671.9  47187.0    47252
read      338.4   184.0   160.7   217.7   228.7   301.3   349.5   384.8   412.6   447.6   492.1   556.2   698.9  2435.9  6523.2  75597.8    75747
read      331.3   175.2   160.7   217.2   227.8   296.5   341.6   373.5   400.7   435.3   480.6   544.2   670.6  1588.7  7083.4  80979.8    80994
read      315.3   142.2   160.7   216.2   226.6   289.2   326.6   352.4   372.8   399.8   436.0   491.6   611.6  1196.9  4639.2  98246.6    98224
read      449.7   333.8   187.4   267.2   297.6   429.3   475.8   502.8   523.3   546.1   579.8   631.7   796.9  4038.1 14110.1   7711.4     7737
read      399.7   202.4   160.7   226.2   241.9   368.9   448.1   492.3   522.1   554.0   591.4   641.3   762.7  1798.4  5857.4  37389.2    37514
read      440.0   371.7   173.5   251.9   277.5   422.1   472.5   500.3   520.2   542.8   574.4   623.8   774.4  4825.1 14886.5  10640.0    10640
read      327.4   203.1   160.7   218.6   228.6   295.7   337.7   366.5   389.9   419.7   458.6   516.9   671.1  1816.1  7946.3  90397.0    90490
read      322.6   347.3   160.7   217.6   227.8   292.8   333.3   361.3   384.0   412.9   451.6   507.5   627.8  1505.4  8165.8  92363.8    92514
read      324.1   149.3   160.7   217.4   227.7   293.7   334.9   363.9   387.8   418.4   458.9   518.4   641.9  1612.2  5560.2  89343.4    89245
read      342.3   219.9   160.7   218.9   229.6   302.1   352.6   390.4   421.0   458.9   507.1   571.6   703.3  1989.9  8275.3  73818.2    73823
read      376.8   199.0   160.7   221.1   233.8   328.5   407.1   462.6   501.4   541.0   583.3   639.8   774.3  1570.1  6635.6  46624.4    46565
read      424.5   316.6   160.7   232.7   249.7   404.6   483.6   518.3   540.1   565.9   596.0   649.1   790.5  3559.1  9596.5  21457.4    21419
read      351.4   192.5   160.7   219.3   230.5   309.1   366.1   407.6   442.0   483.9   532.7   593.7   730.6  1757.2  6201.5  66848.4    66915
read      400.9   248.9   160.7   224.9   239.8   358.7   453.4   502.6   531.9   562.1   595.6   649.9   774.6  3174.7  9514.0  31783.8    31667
read      340.9   193.9   160.7   219.0   229.6   303.1   353.8   390.8   420.4   456.6   500.9   561.1   689.4  1878.3  7966.1  72348.4    72255
read      318.7   174.6   160.7   217.7   227.6   291.0   328.5   354.3   374.5   401.4   437.8   494.4   621.3  1614.8  7973.6  99726.2    99535
read      435.3   309.7   173.5   258.2   283.9   420.1   468.2   494.1   511.2   535.9   567.1   617.4   747.1  4034.6 13293.1   9269.8     9226
read      350.1   172.8   160.7   220.5   232.3   311.8   368.2   407.2   438.3   474.6   519.2   578.5   716.4  1595.8  6502.3  67681.0    67844
read      346.9   222.7   160.7   220.5   232.3   307.7   360.7   398.7   429.5   466.6   513.6   574.3   692.3  1770.7  9518.6  71274.0    71413
read      321.7   200.3   160.7   219.0   229.4   294.9   333.9   359.9   380.4   406.1   442.1   496.4   613.0  1261.4  7734.0  97376.6    97328
read      369.3   187.8   160.7   222.8   236.8   324.2   391.7   440.6   477.5   518.9   563.1   621.8   747.2  2041.0  6922.9  55066.8    55113
read      373.6   202.0   160.7   222.8   236.9   325.9   397.0   447.8   486.8   528.9   573.8   631.8   754.6  2350.2  6293.2  53614.0    53743
read      427.9   257.1   173.5   240.1   259.7   417.1   479.2   510.1   531.7   554.3   584.4   633.1   764.6  2963.5 11814.5  15305.4    15253
read      325.4   189.1   160.7   218.2   228.3   294.3   336.1   364.7   387.7   417.1   456.5   513.9   641.4  1843.2  8373.5  90483.8    90605
read      414.7   297.2   160.7   227.7   243.5   377.4   473.5   516.9   543.2   572.0   605.0   653.7   779.8  3684.4 15316.4  25829.0    25767
read      320.2   151.1   160.7   217.1   227.3   291.7   331.5   359.2   381.4   409.8   448.5   504.1   628.8  1353.0  6054.1  93510.4    93458
read      321.1   186.2   160.7   217.2   227.4   291.8   331.3   358.4   380.1   407.9   446.4   503.2   633.3  1634.9  8186.7  95326.0    95080
read      322.8   159.0   160.7   216.2   226.9   292.1   333.5   362.6   386.3   417.0   458.2   516.7   639.5  1557.9  6385.0  88545.6    88399
read      318.5   157.6   160.7   216.2   226.6   290.6   329.7   356.4   377.4   404.2   441.1   495.3   622.3  1752.7  5350.9  95511.0    95681
read      387.1   211.6   160.7   223.6   238.4   350.7   438.3   481.5   509.5   538.5   571.7   617.9   725.3  1529.3  7949.3  33038.6    33003
read      319.6   217.4   160.7   216.9   227.2   291.0   329.6   355.5   375.5   401.5   436.1   489.8   624.4  2055.9  7793.1  98887.6    98809
read      348.1   181.6   160.7   218.8   229.7   308.5   365.4   405.3   438.7   478.2   524.4   583.7   702.0  1247.8  7479.6  64812.2    64610
read      369.1   227.9   160.7   220.3   232.6   322.2   394.3   444.9   481.4   520.5   562.3   617.7   743.6  2199.0  8423.6  51009.4    51183
read      417.5   227.1   173.5   233.0   250.8   402.6   476.9   510.7   532.9   556.6   586.3   632.6   748.9  2396.1  9930.2  20250.2    20194
read      442.4   362.3   173.5   267.4   296.4   419.2   464.0   489.6   506.9   530.7   559.4   610.6   762.5  6365.5 13484.1   7599.8     7602
read      384.3   202.8   160.7   224.1   239.0   350.1   424.0   466.1   496.5   529.7   568.2   622.1   747.5  1911.3  7671.2  46628.6    46677
read      444.3   531.6   173.5   276.3   303.2   406.7   449.2   473.2   493.0   514.5   545.0   594.4   815.0  9740.6 17069.2   5544.6     5577
read      416.6   268.7   173.5   233.6   252.2   399.8   467.6   501.1   523.7   547.2   579.8   628.4   743.5  2493.2 12161.4  23040.2    23035
read      364.3   189.3   160.7   220.9   233.4   320.6   388.2   432.9   466.3   504.7   547.7   608.1   745.7  2083.4  7366.2  57483.4    57516
read      355.7   198.2   160.7   219.9   231.5   311.9   372.0   416.3   451.8   494.0   541.5   602.0   733.1  1872.1  8055.9  63036.6    62851
read      386.9   208.7   160.7   223.2   237.2   342.0   429.0   479.8   513.7   545.1   582.3   635.0   770.1  2498.1  7925.8  38493.2    38431
read      401.3   252.0   160.7   227.4   243.2   378.2   457.6   493.6   516.9   541.7   573.3   621.8   738.3  1968.6 10374.5  25703.8    25729
read      415.6   315.5   173.5   233.1   250.9   401.9   467.1   498.3   519.5   542.5   572.6   617.0   737.4  2957.9 15265.3  19335.2    19443
read      416.6   244.0   173.5   234.1   251.7   403.0   470.3   503.1   525.5   548.7   580.9   629.8   779.7  2040.7  9996.9  19371.6    19461
read      384.7   221.7   160.7   221.6   234.7   335.8   421.8   476.8   513.7   549.9   589.3   644.7   778.9  2427.6  9469.5  42272.8    42341
read      436.0   447.5   187.4   273.4   301.0   400.9   441.9   465.0   482.9   504.0   534.5   583.0   746.7  7890.6 15227.8   5729.8     5691
read      394.6   279.5   160.7   224.6   239.7   360.3   436.5   478.5   507.5   539.8   577.5   632.0   770.2  2567.5 10553.1  40146.6    40223
read      405.8   288.0   160.7   225.2   240.9   372.4   456.7   498.4   525.8   554.6   589.2   638.9   772.2  2901.9 11969.1  29832.4    29941
read      386.0   269.2   160.7   222.0   235.8   341.1   423.5   474.4   509.6   543.3   581.9   636.0   772.3  2166.5 12077.2  41012.8    41162
read      380.6   186.4   160.7   221.3   234.4   333.5   416.0   472.0   510.3   548.1   587.7   638.7   756.9  1725.9  6818.5  43851.2    43863
read      418.3   267.2   160.7   233.1   250.7   404.6   477.5   511.3   533.4   557.3   587.3   636.8   761.0  1970.7 11005.8  20328.8    20318
read      323.6   180.4   160.7   218.2   228.3   294.3   335.4   363.4   385.6   413.3   450.5   504.6   637.0  1533.2  7672.2  93431.0    93421
read      368.4   199.1   160.7   220.6   233.1   323.6   396.5   447.1   482.8   520.4   561.0   618.5   741.5  1491.7  7057.6  48575.2    48578
read      383.0   224.0   160.7   222.3   236.1   338.5   422.8   474.1   509.2   543.3   580.6   631.4   744.7  1441.7  9806.8  40699.8    40595
read      418.5   227.8   173.5   235.7   254.2   408.8   470.9   501.6   522.3   544.1   575.4   624.2   755.3  2531.0  8802.6  17825.0    17677
read      333.9   182.2   160.7   218.1   228.5   299.3   346.8   380.9   407.1   441.2   483.4   542.9   674.0  1780.6  6902.7  78622.2    78948
read      438.6   465.4   160.7   255.2   280.5   417.8   464.9   490.6   507.5   531.5   560.3   608.8   769.9  4720.2 24199.3   9693.6     9703
read      442.5   406.2   173.5   257.1   284.0   421.6   468.8   496.6   515.8   538.9   569.2   620.2   778.1  6403.1 16502.9   9642.4     9686
read      445.6   435.0   173.5   264.6   294.6   419.0   462.9   488.0   505.5   529.3   557.9   605.5   795.7  7582.2 15968.6   8002.0     7968
read      424.3   271.1   173.5   238.9   261.0   412.4   468.9   498.9   519.8   543.2   574.5   623.7   748.5  2505.5 11571.0  15752.6    15830
read      432.9   378.5   173.5   260.3   288.5   410.5   455.0   479.4   498.4   520.9   548.8   600.8   762.8  4774.0 18244.2   8173.8     8192
read      331.8   148.1   160.7   217.8   228.3   297.4   343.9   377.3   404.3   439.4   483.0   542.7   672.2  1356.8  4142.1  79241.8    79410
read      336.0   217.2   160.7   217.8   228.3   298.5   345.8   380.7   409.0   445.2   490.6   550.2   679.9  2088.7  6749.8  76597.6    76582
read      363.7   212.5   160.7   220.0   231.8   316.9   385.0   434.5   472.5   514.7   560.1   619.4   740.8  1727.5  8688.9  54492.0    54634
read      341.4   202.3   160.7   218.8   229.3   302.4   354.0   391.9   422.2   459.0   504.2   565.1   688.5  2043.7  8324.5  72014.6    72177
read      416.5   337.5   173.5   239.0   258.2   406.1   457.8   484.1   502.8   525.4   550.3   596.1   728.3  4377.5 15761.9  15061.0    15101
read      425.1   382.4   173.5   260.0   286.7   404.1   446.3   468.3   486.6   506.4   536.6   582.2   719.5  5399.2 18223.2   8146.6     8167
read      384.2   195.8   160.7   223.3   238.0   353.2   425.6   467.0   496.2   528.2   565.9   621.0   744.6  1717.3  6703.5  44249.4    44130
read      368.6   216.4   160.7   220.2   232.4   322.8   392.9   440.8   477.0   517.6   561.1   621.5   753.5  2127.7  7912.2  53011.8    53047
read      318.4   170.6   160.7   216.1   226.6   290.6   329.5   356.1   376.8   403.5   440.0   494.9   621.6  1549.4  6360.0  96957.6    97171
read      329.2   187.8   160.7   216.7   227.3   295.3   340.7   372.6   398.7   431.3   472.3   532.0   655.3  1697.2  6643.6  81644.2    81360
read      333.5   152.8   160.7   217.5   228.0   298.5   345.9   380.4   407.6   442.8   486.3   546.0   676.5  1740.3  4555.9  77492.6    77277
read      389.2   233.2   160.7   222.0   235.7   342.7   431.9   486.1   521.0   555.4   593.1   648.8   775.5  1921.8  7899.6  38383.6    38294
read      435.2   416.7   173.5   250.7   274.3   416.6   464.8   491.0   508.5   532.8   562.4   613.7   772.1  5449.4 14398.4  11194.8    11165
read      339.0   176.8   160.7   218.2   228.8   302.4   353.8   390.3   419.4   455.0   498.2   557.4   688.6  1364.6  5818.6  73919.4    74155
read      422.6   261.7   173.5   245.4   267.6   413.1   461.9   487.7   505.5   528.3   554.2   602.8   743.9  3852.5 10715.7  12358.4    12255
read      369.5   247.6   160.7   220.6   233.1   322.0   392.9   440.9   476.0   516.9   559.1   616.2   751.9  2560.6  8389.7  52304.6    52404
read      415.1   254.6   173.5   236.9   255.0   406.7   466.2   495.0   514.1   536.5   564.1   607.3   731.8  2704.6 12303.7  17118.4    17057
read      424.8   354.8   187.4   272.6   299.9   400.8   439.5   462.3   478.7   499.4   527.2   572.7   700.0  6245.4 15058.6   6011.4     6005
read      329.5   373.5   160.7   217.1   227.7   295.8   340.2   370.8   395.8   426.8   465.6   524.9   660.9  1831.7  7982.0  85550.6    85707
read      334.3   175.1   160.7   218.3   228.9   299.0   344.8   378.4   404.9   439.7   484.2   544.8   683.4  1737.8  5966.6  79723.8    79742
read      362.1   196.5   160.7   222.2   236.2   319.9   382.0   426.9   461.3   500.7   543.7   601.1   722.4  1739.8  8043.9  58528.8    58322
read      416.3   220.9   160.7   231.5   248.2   389.9   474.6   514.7   540.1   569.1   603.6   657.9   794.9  2726.8  8131.4  26231.4    26212
read      345.8   185.9   160.7   219.4   230.8   306.5   360.2   399.0   430.6   469.1   516.1   576.8   703.1  1720.1  6695.6  69462.8    69487
read      402.3   231.5   160.7   225.5   240.9   365.4   457.8   503.8   532.0   561.7   594.9   645.9   777.5  1850.5 10153.8  29567.4    29507
read      371.1   232.2   160.7   219.7   231.5   320.6   394.8   448.3   488.4   531.1   576.4   634.7   772.2  1697.9  9961.2  51222.2    51412
read      347.0   164.5   160.7   218.7   229.3   305.3   361.9   402.7   437.2   479.1   529.1   588.9   714.1  1504.4  5359.2  67269.6    67374
read      368.4   214.5   160.7   220.7   233.0   319.7   389.3   440.2   480.6   525.9   573.3   632.8   762.1  1482.6  7758.4  55263.6    55125
read      374.3   322.3   160.7   220.8   233.1   321.7   395.4   449.1   489.8   533.1   578.9   638.3   766.8  2512.9  8967.7  52973.0    53048
read      441.8   334.4   173.5   247.2   271.3   432.0   487.3   515.1   534.8   556.6   586.6   635.2   754.3  3933.5 15337.6  12190.8    12192
read      402.5   239.2   160.7   225.6   240.8   364.8   451.2   498.9   530.6   563.9   601.0   656.8   792.8  2066.7 11220.1  36010.8    36138
read      360.2   209.8   160.7   220.7   233.0   317.6   380.5   424.9   459.0   498.6   545.0   605.0   731.6  1626.9  9561.2  60753.0    60799
read      395.7   235.8   160.7   223.7   238.3   349.4   442.7   496.8   530.4   564.0   600.8   653.5   774.1  1966.7 10865.4  36533.4    36368
read      394.8   277.6   160.7   223.1   237.3   343.1   434.0   489.9   526.5   563.5   604.5   662.3   803.4  2538.5 12008.6  39689.4    39729
read      323.0   185.8   160.7   218.1   228.2   293.5   333.5   360.8   382.3   409.4   446.6   502.7   632.2  2026.8  7310.8  95732.0    95693
read      385.7   211.5   160.7   222.3   236.0   338.9   425.1   479.3   516.1   551.0   589.1   642.1   768.4  1923.5  8537.6  41104.4    40999
read      352.2   194.6   160.7   219.4   230.7   309.0   367.5   410.3   445.6   487.1   534.7   594.7   728.5  1697.5  7918.9  64959.8    65037
read      443.7   443.3   173.5   248.2   271.9   426.2   480.7   507.1   528.0   549.7   581.5   630.6   773.4  5280.7 18615.1  12578.2    12633
read      379.8   205.9   160.7   222.7   236.6   336.2   411.6   460.8   497.6   536.7   579.5   635.1   763.4  1517.1  8328.8  50099.4    50117
read      355.4   191.9   160.7   219.9   231.4   312.0   372.0   416.8   452.0   493.4   541.2   604.2   734.8  1827.2  7623.7  62810.0    62765
read      439.2   280.4   160.7   248.4   271.9   430.0   483.0   510.6   531.2   552.6   583.6   632.6   782.2  2985.6 12624.9  12432.2    12379
read      377.2   238.7   160.7   222.0   235.3   331.5   407.2   457.1   492.0   530.3   572.1   625.9   749.0  2238.2  9862.9  49190.8    49369
read      387.7   244.3   160.7   223.3   237.6   343.3   429.9   479.6   512.5   546.2   584.1   636.0   752.5  2044.5 12136.6  39030.8    39111
read      372.7   226.3   160.7   221.5   234.3   324.0   396.2   447.3   486.0   529.0   573.5   629.5   760.3  2226.4  8692.7  52795.4    52692
read      416.1   267.9   173.5   230.2   246.6   389.5   477.3   516.8   540.3   567.3   598.0   644.0   773.0  2482.9 12177.2  24632.0    24539
read      358.4   190.9   160.7   219.5   231.0   312.6   374.2   420.9   458.0   502.8   553.0   615.3   741.2  1758.9  8225.3  61618.4    61591
read      378.1   216.0   160.7   221.1   233.7   328.6   406.3   461.4   500.5   540.6   583.5   640.0   778.4  2133.6  8141.5  47956.2    47864
read      427.3   229.5   173.5   239.6   259.2   419.5   483.6   515.0   535.4   558.0   587.4   633.7   748.9  2272.5  9581.6  16608.0    16479
read      340.4   193.2   160.7   218.8   229.3   301.5   351.3   388.6   419.0   457.4   505.5   570.6   691.2  1551.0  6814.5  75162.8    75268
read      435.3   254.2   173.5   261.1   288.7   422.1   469.9   497.2   516.1   538.6   567.5   613.4   748.9  3262.7 12350.2   8729.2     8714
read      431.8   217.8   173.5   246.6   271.8   422.2   477.0   504.8   524.9   546.2   577.5   628.0   772.5  2778.7  8058.3  12951.6    13002
read      337.5   178.5   160.7   218.7   229.1   301.0   349.3   385.0   413.7   449.6   494.7   556.1   684.3  1573.6  7778.4  77179.6    77147
read      382.5   220.9   160.7   221.5   234.9   332.9   416.0   471.1   509.8   546.5   585.8   638.7   767.8  2605.2  7725.7  43601.0    43518
read      406.2   236.2   160.7   227.4   243.0   375.9   466.4   509.0   534.2   561.3   591.8   639.0   750.1  1554.2 11379.1  27237.4    27206
read      364.4   208.7   160.7   220.3   232.3   318.7   386.5   433.7   469.8   510.9   555.9   615.3   742.5  2039.6  7399.2  55929.2    55859
read      391.2   210.8   160.7   223.0   237.0   344.5   436.1   491.2   525.8   559.9   595.2   647.7   767.3  2032.0  9616.0  37677.4    37448
read      381.9   237.0   160.7   221.1   234.2   330.6   412.2   468.3   508.5   547.3   588.9   645.4   779.2  2871.9  7885.0  44962.2    45026
read      316.5   153.6   160.7   216.1   226.5   289.0   326.4   352.3   372.9   399.9   436.1   494.4   624.4  1420.2  6988.7  99732.2    99974
read      354.1   269.4   160.7   218.9   229.9   308.2   366.2   409.0   445.3   488.0   536.4   599.4   737.6  1902.4 12458.2  64523.2    64632
read      373.2   221.7   160.7   220.4   232.5   324.0   399.9   454.2   493.7   534.7   577.3   632.8   749.9  1960.9  9616.5  49028.6    49061
read      333.5   189.6   160.7   217.7   228.2   297.0   342.9   376.0   403.2   438.6   484.8   546.9   676.5  2070.0  8545.4  80531.0    80418
read      425.1   244.0   173.5   239.1   258.4   414.9   479.0   509.5   531.2   553.8   583.6   631.8   757.0  2616.2 10131.6  16558.2    16471
read      391.7   238.0   160.7   223.0   237.3   346.3   436.3   487.6   519.8   550.2   586.6   638.7   767.6  2716.0  8621.2  35790.4    35694
read      432.9   272.0   160.7   244.7   266.1   423.1   479.0   507.5   528.1   549.1   580.0   627.9   748.6  3660.7  9158.7  13904.4    13935
read      334.3   182.9   160.7   217.9   228.4   298.1   344.9   378.7   405.6   441.0   485.8   548.2   680.5  1783.5  7546.1  79705.4    79838
read      367.6   183.4   160.7   219.6   231.4   321.1   396.0   448.7   485.6   524.8   566.6   620.3   733.2  1713.7  7583.5  49058.8    48842
read      418.3   229.8   173.5   237.4   255.6   409.1   474.4   504.8   525.8   547.4   577.9   623.3   740.2  2060.9  9527.2  17733.8    17708
read      398.5   220.6   173.5   224.8   239.8   362.3   453.0   498.9   528.2   558.7   592.6   641.0   764.2  1550.3  8850.6  31313.4    31401
read      355.8   204.0   160.7   218.9   230.0   309.6   370.0   415.9   452.1   494.8   543.6   605.4   741.7  2491.8  7687.4  61982.2    62091
read      324.5   185.1   160.7   215.8   226.4   292.0   334.2   364.0   388.7   420.9   462.8   524.1   647.4  1513.0  8117.6  87071.6    87121
read      329.8   169.6   160.7   217.1   227.6   295.6   340.4   372.1   398.4   432.3   476.3   538.9   665.8  1763.2  6674.8  82211.8    81929
read      379.5   223.0   160.7   221.2   234.3   333.3   416.4   469.7   506.4   542.1   580.4   633.4   750.1  1562.8  7871.0  42005.6    42013
read      322.7   171.6   160.7   216.3   226.7   291.3   331.7   360.0   383.1   413.1   454.2   515.2   647.0  1940.7  7023.4  90861.2    90709
read      346.9   184.8   160.7   218.4   229.2   304.8   360.3   401.0   434.7   476.1   526.1   588.0   712.8  2048.6  6654.4  67756.6    67578
read      358.2   201.1   160.7   219.0   230.2   312.7   376.6   423.8   460.8   503.6   548.8   607.2   732.9  2220.1  7922.1  58160.0    58116
read      346.1   220.6   160.7   218.6   229.3   305.2   360.1   399.9   433.0   473.2   523.1   584.9   706.6  1478.0  6607.0  68870.8    68886}