#type       avg     std     min      p5     p10     p50     p67     p75     p80     p85     p90     p95     p99    p999   p9999      QPS   target
read      474.2  1615.8   187.4   268.3   296.7   426.4   474.2   500.7   520.1   542.8   574.4   626.4   894.9  7836.4 79437.2   7406.2     7434
read      406.4  1029.3   160.7   220.3   232.7   334.9   408.9   458.8   499.6   549.6   618.5   729.6  1158.8  4553.4 18370.0  67161.2    67201
read      368.6   311.9   160.7   218.1   228.7   309.6   369.4   409.7   442.7   486.5   547.4   662.0  1101.8  3743.0 10226.4  85981.6    85927
read      387.1   334.4   160.7   218.9   230.0   319.7   396.6   449.6   490.5   538.4   596.3   692.0  1044.0  3900.4 10504.6  63933.1    63953
read      439.5   483.1   160.7   219.9   233.1   367.7   480.7   539.6   576.2   616.0   664.9   743.3  1113.9  5665.4 23445.1  31520.9    31595
read      455.4   782.9   160.7   217.5   229.0   315.8   378.3   422.7   461.4   516.1   602.2   853.8  3885.9  8182.9 31245.4  87673.5    87879
read      464.2   700.3   173.5   257.1   283.5   416.9   467.9   498.0   519.3   543.1   576.0   629.6  1251.2  8353.1 36654.1   7281.4     7287
read      524.4   949.1   160.7   217.2   229.2   327.6   406.1   467.1   519.7   587.2   705.6  1209.1  4074.5  8774.2 32269.8  62342.2    62295
read      478.2   903.6   173.5   259.2   286.6   414.7   464.9   493.4   512.9   537.8   569.8   622.9  1375.7 12179.8 32289.1   6561.6     6561
read      509.4   847.3   160.7   226.2   243.5   419.9   527.2   581.1   620.9   670.9   740.1   884.0  1364.9 11794.2 32147.2  22572.3    22532
read      529.2   898.0   160.7   219.3   231.7   333.3   414.8   475.3   529.0   595.7   716.3  1235.8  4102.3  8133.0 31301.8  60623.1    60653
read      437.6   629.2   160.7   215.6   227.5   321.3   398.3   453.4   497.5   548.9   617.0   747.6  3522.4  6385.4 28265.0  59098.6    59076
read      503.2   881.8   160.7   216.8   229.0   329.8   411.7   471.5   522.6   583.4   676.8   997.7  4107.0  8909.5 31635.8  60181.0    60154
read      501.0   695.3   160.7   224.7   241.0   417.3   528.2   583.9   623.3   672.3   740.6   892.8  1402.9 10095.5 30982.0  22923.5    22964
read      526.7  1078.7   173.5   248.4   274.2   445.4   511.2   543.9   566.8   591.0   627.9   688.9  2407.4 13733.6 32284.1   8183.4     8172
read      487.0   674.6   160.7   223.7   238.8   392.2   504.5   561.1   596.6   639.9   702.8   847.2  2137.9  8086.0 31357.2  27673.2    27652
read      490.4   683.4   160.7   220.5   234.1   368.8   478.8   542.9   586.5   638.5   720.5   921.9  3463.3  7885.4 29655.0  37649.9    37594
read      491.1   686.8   160.7   223.0   238.7   408.3   518.5   574.8   615.7   667.2   738.6   885.6  1278.9  9514.4 31330.8  24365.4    24367
read      445.1   536.8   160.7   218.9   231.8   364.0   471.3   532.8   571.5   614.0   669.0   767.2  1271.7  6693.4 22223.0  33901.1    33771
read      517.0   911.1   160.7   219.6   231.9   331.2   412.4   477.5   537.9   633.3   842.8  1282.1  3783.2 10152.2 32014.3  84963.2    84944
read      401.7   692.9   160.7   213.1   224.9   307.2   364.2   402.0   434.6   479.9   543.8   662.6  2564.6  8364.5 31375.5  85515.5    85666
read      422.9   560.4   160.7   215.5   227.5   326.7   410.3   469.2   515.9   567.2   628.1   728.2  1974.3  6115.5 25300.2  51982.6    51918
read      520.2   901.9   160.7   219.5   232.5   366.9   481.6   551.8   599.6   660.6   761.4  1095.9  3563.8 11748.5 32176.5  34350.8    34406
read      522.6   879.9   160.7   219.6   233.7   384.8   508.3   577.8   627.3   688.8   795.8  1061.5  2663.2 12699.8 32465.1  28686.9    28664
read      575.6  1116.7   160.7   216.9   229.7   358.2   476.5   559.1   622.5   714.5   928.3  1448.5  3952.8 16070.0 32396.4  38296.2    38289
read      564.0  1263.9   160.7   220.9   236.2   414.3   541.5   601.9   646.0   702.0   797.3   986.0  3243.9 22869.7 37796.0  20648.8    20658
read      536.3   998.6   173.5   230.6   249.9   435.2   527.0   569.6   598.1   635.8   689.3   802.4  3172.0 13459.5 31835.0  13869.1    13840
read      387.6   524.2   160.7   213.8   225.5   307.9   362.4   398.0   428.6   469.5   531.2   639.4  2154.9  5024.0 17229.6  93366.2    93419
read      384.8   535.8   160.7   212.8   224.6   304.6   357.2   390.9   419.1   458.3   517.4   626.3  2475.7  4943.9 21756.5  98155.6    98284
read      389.2   525.0   160.7   212.2   224.2   309.4   372.7   418.2   456.0   504.4   566.5   665.6  1695.4  4377.7 13390.3  71326.2    71313
read      407.4   448.5   160.7   214.8   227.1   335.5   430.0   491.7   535.7   580.5   630.9   708.3   980.7  5400.5 16263.2  42069.9    42089
read      400.9   441.3   160.7   214.0   226.3   328.9   417.4   477.3   522.8   569.6   623.3   701.2   977.3  4605.6 15687.1  46546.7    46458
read      416.1   379.9   160.7   217.6   229.9   355.4   459.5   518.1   553.7   590.4   634.6   706.0   937.3  4143.9 15105.1  30767.4    30755
read      406.2   410.6   160.7   215.5   227.6   335.4   431.0   495.9   541.3   588.0   639.0   719.3   965.4  4320.8 12457.1  42712.9    42889
read      395.2   560.5   160.7   214.7   226.5   311.0   367.2   403.5   434.7   478.0   540.7   657.9  2361.9  5661.3 27556.3  93476.3    93552
read      384.7   422.1   160.7   212.5   224.4   310.9   377.5   426.5   466.2   516.4   576.9   667.6  1192.7  4269.5 12665.7  65581.1    65694
read      413.8   377.3   160.7   216.8   229.1   354.4   460.0   516.0   549.9   586.3   629.0   692.1   899.3  4714.2 12615.9  29567.2    29574
read      399.0   461.0   160.7   214.6   226.8   325.8   408.3   465.4   510.2   559.7   616.5   700.0  1019.6  5330.4 19439.4  51174.7    51355
read      387.1   489.5   160.7   213.3   225.2   312.4   378.7   426.3   464.9   515.2   576.7   670.0  1235.9  4287.7 14361.0  67261.8    67361
read      441.3   564.9   160.7   226.5   243.1   405.1   485.1   522.9   546.6   573.9   606.4   660.9   910.1  7434.8 30854.2  16318.0    16287
read      378.9   460.2   160.7   212.0   223.8   304.5   361.1   399.9   433.0   477.3   539.3   637.3  1480.5  4368.7 17033.6  81413.5    81508
read      377.7   467.0   160.7   213.1   224.9   305.0   359.6   396.0   426.7   467.8   528.8   630.0  1548.7  4359.3 15972.6  87716.0    87619
read      377.9   495.8   160.7   212.8   224.5   303.3   353.6   386.7   413.5   451.5   507.2   611.0  2086.7  4653.2 15780.2  98878.6    99068
read      398.1   416.7   160.7   215.2   227.2   326.6   410.5   466.7   510.6   559.8   616.7   698.2  1028.7  4291.6 16156.0  51284.2    51267
read      442.7   412.9   173.5   241.2   263.3   419.9   480.0   510.2   532.1   555.4   585.9   637.2   893.5  4984.8 16543.7  11789.9    11822
read      379.6   462.1   160.7   215.4   227.6   316.2   372.4   409.1   439.7   483.0   545.8   664.6  1155.0  4650.9 25169.0  97425.0    97494
read      368.4   370.8   160.7   216.1   227.7   312.2   366.9   402.0   431.9   471.4   532.2   635.6  1049.1  4311.3 12770.7  97246.8    97350
read      393.2   322.1   160.7   217.0   228.7   327.1   407.3   464.0   509.2   560.8   620.1   708.6  1003.8  4006.7 11238.1  55510.9    55460
read      364.2   349.6   160.7   214.3   226.1   310.5   366.4   403.1   435.2   477.9   538.0   633.7  1000.2  3916.5 13445.2  86289.8    85984
read      371.6   384.0   160.7   214.3   226.1   312.1   371.5   411.9   446.0   491.1   551.3   651.9  1063.2  4218.7 12992.4  82037.0    82043
read      395.9   404.5   160.7   215.5   227.5   326.9   408.6   465.8   510.7   561.0   619.3   707.0  1036.7  4556.6 14150.9  52829.4    52873
read      436.3   499.9   173.5   231.8   250.3   406.8   476.0   509.5   531.8   555.6   586.2   635.7   865.3  5321.4 28114.5  13896.8    13911
read      394.4   374.0   160.7   214.1   226.4   327.6   413.5   471.7   517.3   565.3   619.9   697.6   984.0  4090.7 12606.9  49979.1    49984
read      442.9   570.2   173.5   247.6   271.1   409.6   464.3   493.1   512.4   535.8   564.5   609.9   811.1  7581.0 30869.8   9240.6     9274
read      427.0   429.0   160.7   219.8   233.2   373.5   473.3   526.8   559.9   593.0   634.7   699.6   929.5  4951.5 17798.9  27223.5    27187
read      432.1   448.5   160.7   224.7   240.7   396.7   484.6   525.7   550.6   579.4   614.3   669.3   853.8  4745.7 24517.2  18722.3    18735
read      367.6   388.0   160.7   213.2   225.1   309.9   367.0   403.8   435.7   478.8   540.0   639.2  1049.6  4379.3 12664.5  86449.7    86505
read      363.2   398.3   160.7   213.4   225.3   308.4   361.9   396.3   425.5   465.0   523.4   620.2  1019.9  4299.2 12835.7  93097.7    93039
read      371.3   351.2   160.7   214.1   226.0   313.5   374.5   417.6   453.3   499.9   560.6   656.4   996.6  4148.0 12457.1  76027.4    75999
read      412.2   307.7   160.7   217.5   229.8   352.4   458.8   518.9   556.1   593.8   639.5   709.6   917.1  4019.7 10109.6  32321.9    32324
read      359.0   397.5   160.7   211.6   223.6   304.5   358.8   395.5   426.6   467.9   527.4   617.9   922.0  4392.6 14849.7  84263.4    84255
read      374.6   351.4   160.7   214.9   226.6   314.1   374.9   416.4   450.9   496.6   558.4   661.1  1077.8  4044.1 12557.7  81866.4    81759
read      408.8   379.7   160.7   215.8   228.3   344.1   444.4   505.8   546.1   588.2   635.7   712.2   960.5  4113.2 13801.5  37285.3    37291
read      382.7   350.8   160.7   212.3   224.6   319.2   397.7   452.1   495.4   544.5   598.4   676.0   932.8  3990.8 11534.6  53770.1    53818
read      418.5   430.7   160.7   216.8   229.2   354.8   461.6   519.5   554.7   590.7   634.3   703.9   949.8  4641.1 17324.3  30380.4    30297
read      413.7   356.0   160.7   216.9   229.4   353.0   457.7   516.9   554.4   592.7   638.1   707.8   940.6  4103.8 12277.9  31667.6    31569
read      408.0   416.6   160.7   214.7   227.3   340.3   436.5   498.6   540.9   583.4   632.3   706.9   960.8  5015.2 15073.1  38939.4    38927
read      437.2   592.2   173.5   238.9   261.0   402.1   458.9   487.2   506.7   530.9   559.2   606.4   855.1  7174.2 35514.3  10618.9    10652
read      364.1   387.2   160.7   214.5   226.5   312.2   365.6   399.5   428.7   468.0   526.9   625.8  1024.9  3994.0 11069.0  98052.1    98119
read      401.8   466.8   160.7   215.2   227.5   331.8   418.4   477.2   522.7   571.3   626.0   706.7   979.0  4933.2 20125.8  48168.2    48176
read      411.1   389.4   160.7   216.5   228.7   346.7   449.4   510.7   549.9   591.1   637.1   708.3   942.0  4199.1 12226.5  34882.1    34929
read      378.9   333.6   160.7   214.4   226.5   317.7   385.4   431.5   469.4   520.3   582.7   679.5  1030.7  4011.0 11501.4  69783.5    69735
read      433.0   421.0   160.7   224.7   240.4   392.9   488.4   534.1   562.1   590.7   628.7   687.5   879.8  4904.0 19354.6  20758.2    20753
read      375.6   429.6   160.7   214.2   226.3   313.6   372.7   412.6   445.8   491.0   551.2   652.8  1063.7  4978.8 15767.6  84687.7    84642
read      398.2   320.7   160.7   214.4   226.8   335.3   427.5   487.7   531.0   576.3   627.4   705.0   944.5  4003.0  9976.3  42279.1    42333
read      382.5   405.2   160.7   212.8   225.1   316.2   388.2   439.3   481.6   533.1   591.9   677.6  1007.4  4481.5 14698.7  61580.3    61587
read      368.5   355.9   160.7   212.4   224.4   309.8   369.6   410.8   446.2   492.2   552.8   648.0  1015.5  4141.4 12693.9  78132.2    77998
read      361.4   345.2   160.7   212.9   225.0   308.1   361.0   394.8   423.4   462.6   520.9   621.1  1015.3  4175.7 12795.5  97647.8    97625
read      423.1   366.8   160.7   220.3   234.0   375.0   477.4   528.1   558.5   589.2   627.7   686.7   884.5  4287.2 12157.0  23724.3    23781
read      381.4   405.4   160.7   215.5   227.3   318.0   386.2   433.0   471.1   520.6   580.8   675.2  1006.3  4748.9 14790.9  66702.4    66723
read      417.7   373.2   160.7   219.2   231.6   358.0   462.5   520.5   556.4   593.3   637.6   708.1   925.3  4234.2 12436.4  31008.5    31016
read      397.2   396.6   160.7   215.1   227.2   329.9   416.9   476.3   521.8   569.0   621.4   698.4   938.6  4370.9 13020.0  47294.4    47394
read      365.1   363.7   160.7   214.5   226.3   310.4   364.1   398.6   428.0   467.5   526.7   626.8  1023.1  4114.4 12911.2  95193.2    95335
read      438.1   510.7   187.4   267.1   291.8   395.3   438.7   463.1   481.1   502.9   533.4   582.7  1030.5  8693.5 15728.2   5248.7     5252
read      378.3   349.9   160.7   214.6   226.5   317.5   386.1   433.5   472.3   522.4   581.8   674.2   981.6  4165.3 12232.4  65857.4    65908
read      430.7   331.5   173.5   233.8   251.7   411.8   481.4   514.9   537.2   562.4   591.8   640.2   818.6  4249.0 12333.5  16869.1    16889
read      397.8   280.2   160.7   219.7   232.0   340.6   435.9   493.8   532.8   573.3   620.8   689.4   877.1  2596.1 10536.6  42851.0    42912
read      353.0   401.9   160.7   212.6   224.0   295.3   344.5   378.1   404.7   441.9   496.4   591.9   983.7  4386.3 14078.4  99841.1    99898
read      416.6   820.5   160.7   216.6   229.2   357.2   460.1   511.6   542.9   576.3   616.3   677.4   907.8  4929.2 12439.6  26488.9    26385
read      412.7   327.4   160.7   218.4   231.3   371.2   470.0   516.0   544.1   573.8   608.7   663.7   823.0  3537.2 10878.4  22651.9    22616
read      388.2   337.0   160.7   212.7   225.0   322.0   405.6   463.8   508.4   556.5   610.7   687.7   929.2  4157.3 11872.9  50723.0    50605
read      374.5   535.2   160.7   210.5   222.3   299.9   353.6   389.4   419.0   459.0   516.7   617.7  1652.5  4384.5 15943.7  90398.1    90283
read      413.1   332.4   160.7   220.9   235.0   369.4   465.9   512.9   541.8   573.6   610.9   667.5   831.3  3817.2 12225.9  26326.5    26273
read      377.3   232.5   160.7   221.3   234.2   327.6   405.0   459.2   498.1   538.1   581.0   636.8   767.2  2283.2  8778.3  48480.6    48521
read      397.7   244.0   160.7   223.9   238.3   354.7   448.7   498.4   530.0   561.9   595.7   646.1   778.4  2585.0 10106.8  34154.7    34058
read      338.9   174.3   160.7   218.3   228.9   300.2   349.5   387.1   417.7   455.8   503.9   569.6   703.3  1454.8  5810.3  75719.7    75648
read      423.5   250.4   160.7   236.2   254.0   408.4   480.2   514.0   537.0   562.6   592.0   637.8   771.9  2705.1 10866.8  19510.4    19482
read      425.4   292.5   160.7   241.6   261.6   413.8   471.2   500.0   520.2   542.6   572.1   616.9   737.0  3991.0 12136.1  15075.1    15054
read      337.7   171.5   160.7   217.8   228.3   299.4   348.6   385.9   416.3   454.4   502.1   565.2   689.8  1573.6  5863.9  75747.5    75754
read      437.1   386.0   187.4   281.4   306.3   404.8   446.6   469.6   489.0   509.5   541.6   591.5   799.8  6975.9 15385.2   5202.9     5187
read      437.5  1022.9   173.5   239.0   261.1   421.2   486.2   517.8   539.0   563.4   591.7   638.8   769.5  2468.4 13088.7  17661.1    17656
read      318.6   164.6   160.7   216.1   226.6   289.7   328.0   354.8   376.4   404.7   444.3   502.4   633.4  1590.5  5301.4  96378.6    96343
read      395.1   221.2   160.7   224.1   238.8   350.2   441.6   494.2   527.4   561.1   597.3   648.8   779.7  1879.2  8351.0  36745.8    36665
read      334.0   196.9   160.7   219.6   230.8   300.4   343.8   374.3   400.1   432.9   474.6   538.2   678.5  1914.1  8082.3  85205.0    85269
read      403.7   434.9   160.7   227.0   242.7   366.8   458.3   505.2   533.4   562.8   594.3   640.8   756.2  2098.2  9383.4  31469.8    31525
read      358.8   443.3   160.7   219.6   231.0   311.5   371.9   418.5   455.4   498.9   546.6   609.8   743.0  2200.7 10404.9  61962.5    61798
read      436.8   328.8   173.5   248.0   270.6   423.8   479.0   506.3   526.6   547.8   577.6   623.3   763.5  4246.1 12877.1  12242.7    12253
read      410.1   227.3   160.7   228.1   244.9   386.4   467.0   505.7   530.5   556.5   587.5   635.2   752.4  2378.5  8683.0  25658.9    25710
read      333.7   175.8   160.7   217.4   228.0   297.3   344.4   378.7   406.4   442.5   487.8   549.4   684.0  1631.0  6025.8  79915.1    79937
read      426.7   306.0   173.5   264.5   293.0   406.4   451.0   473.9   492.9   513.2   543.3   590.8   737.0  4245.3 11575.1   7300.3     7271
read      330.8   183.8   160.7   218.0   228.4   296.1   340.3   371.5   397.8   431.2   473.7   538.2   675.7  1954.2  5952.1  85755.7    85861
read      326.3   175.5   160.7   217.4   227.7   293.4   335.6   365.6   390.4   422.0   463.5   527.1   667.3  1601.8  8053.1  91569.2    91467
read      346.5   200.2   160.7   219.4   230.5   305.5   358.7   397.7   430.1   469.7   519.3   584.2   720.4  1861.6  7960.2  72374.4    72217
read      404.4   229.4   160.7   225.5   240.8   366.1   461.3   508.3   537.1   567.2   600.4   651.8   782.2  1966.9  9490.0  31034.6    31080
read      335.2   177.0   160.7   217.0   227.7   297.4   345.4   381.6   411.1   448.9   495.6   558.4   686.0  1515.2  6464.6  76966.0    76878
read      326.2   167.8   160.7   215.6   226.5   292.8   336.0   367.1   393.3   426.8   469.5   533.5   661.6  1539.1  6378.9  84575.8    84584
read      431.8   266.8   173.5   246.7   270.5   422.0   474.9   502.2   521.7   542.9   572.0   617.4   743.0  3586.3 11740.0  12494.7    12492
read      365.3   213.4   160.7   220.0   231.8   317.7   386.0   435.1   472.6   515.0   561.1   622.7   748.5  2226.9  8009.1  56960.1    57106
read      320.9   201.6   160.7   216.1   226.6   290.2   329.2   356.7   379.3   408.7   449.0   507.6   639.3  1688.7  7887.6  96006.2    96245
read      439.5   337.5   187.4   271.4   299.5   417.8   464.3   490.3   507.8   532.4   562.6   613.1   762.4  4374.3 14751.6   6842.5     6791
read      324.8   167.7   160.7   216.6   227.2   292.5   334.1   363.7   388.4   420.2   461.8   524.6   664.1  1636.4  5708.7  90739.6    90728
read      430.1   319.5   187.4   278.3   303.5   404.5   446.9   469.7   489.2   509.6   541.3   590.4   736.7  5242.0 10940.0   5162.4     5151
read      332.0   170.2   160.7   217.8   228.3   296.6   342.1   374.4   401.7   436.4   481.1   543.9   678.8  1632.2  6820.1  82971.8    82969
read      383.8   238.5   160.7   221.5   234.7   335.4   421.2   475.1   512.0   548.2   587.8   641.4   765.7  2140.7  9519.4  42659.3    42635
read      319.8   171.2   160.7   216.6   226.9   290.0   328.1   354.7   376.2   404.6   443.9   502.4   643.2  1756.1  6667.3  99228.0    99337
read      321.2   173.5   160.7   216.2   226.7   290.4   329.6   357.2   379.9   410.1   451.2   511.7   645.1  1660.8  6974.5  95211.2    95192
read      346.1   196.7   160.7   218.6   229.2   303.2   357.7   398.6   432.4   473.7   524.2   587.6   722.7  1743.4  7713.6  69352.8    69200
read      372.7   216.0   160.7   220.3   232.6   323.8   399.8   453.3   491.6   531.7   574.7   630.1   748.8  2073.4  7145.0  49401.8    49459
read      406.8   228.2   160.7   226.3   241.8   371.0   465.3   510.8   538.5   567.7   600.0   649.2   781.1  2146.4  9362.1  29055.0    29055
read      353.4   213.8   160.7   219.2   230.2   309.0   368.8   413.4   449.4   491.8   539.9   599.4   726.5  1589.7  7647.4  64235.0    64324
read      444.5   480.8   173.5   278.2   303.8   411.7   455.4   480.0   498.6   520.7   548.0   593.0   748.5  7975.2 17197.3   5726.4     5705
read      328.6   182.3   160.7   216.8   227.3   294.2   338.0   369.3   395.9   429.6   472.8   537.7   674.2  1677.7  6247.3  84594.3    84816
read      417.8   283.8   160.7   229.7   246.5   391.3   478.5   517.2   541.4   568.6   599.2   648.2   781.1  2810.7 12812.9  23753.0    23714
read      343.2   209.9   160.7   219.0   229.7   303.0   354.4   392.6   423.7   461.8   509.0   574.6   709.6  1737.3  7875.7  74051.9    74116
read      425.7   272.9   160.7   238.7   257.2   409.7   481.5   516.1   538.7   564.2   593.0   638.9   769.4  2673.7 12291.9  19912.6    19948
read      387.8   243.5   160.7   223.4   237.6   337.9   422.6   478.2   516.3   554.2   594.4   649.7   783.5  2157.6 10458.8  44243.3    44213
read      420.6   287.0   160.7   235.5   253.3   403.6   474.9   508.0   530.2   553.2   584.4   633.1   757.0  3491.5 12378.0  19496.9    19454
read      437.8   365.5   173.5   270.2   298.1   415.8   461.5   486.8   504.3   526.6   551.9   600.6   748.4  5883.8 14879.0   7166.8     7190
read      381.8   224.1   160.7   221.8   235.4   337.5   414.7   464.6   500.2   538.4   580.6   636.5   769.9  2134.9  8160.3  47708.3    47657
read      378.7   203.7   160.7   221.0   233.9   331.7   413.5   467.6   505.2   542.8   584.0   636.9   750.9  1696.0  7792.2  44481.6    44399
read      435.9   509.0   187.4   271.4   298.4   403.9   447.0   469.3   487.7   507.1   537.6   584.2   725.7  7886.6 24888.5   6486.4     6481
read      437.2   430.6   173.5   276.8   303.3   406.3   450.4   473.9   493.4   514.5   544.5   590.9   742.4  6973.6 20813.9   5806.0     5807
read      331.3   190.7   160.7   218.0   228.1   296.0   341.0   372.7   399.5   433.3   475.7   539.0   674.3  1972.8  6796.5  83053.4    83137
read      437.9   294.8   173.5   258.2   285.1   421.5   470.2   498.3   518.0   541.3   573.0   622.8   766.5  4005.4 12546.2   9636.2     9580
read      400.2   239.2   160.7   225.2   240.5   365.8   447.9   493.0   523.5   556.0   593.1   647.0   780.7  1861.8 10610.8  37382.5    37385
read      400.7   230.5   160.7   224.8   240.1   365.1   453.4   501.0   530.5   560.9   593.9   641.5   766.9  2002.3  8820.6  33655.4    33706
read      398.9   270.5   160.7   224.4   239.4   357.2   448.3   498.7   530.1   561.8   595.5   643.7   767.3  2400.0  9464.0  35251.5    35204
read      374.6   226.9   160.7   220.6   233.1   324.1   399.7   453.5   493.1   535.1   579.5   637.5   776.1  2207.8  7062.6  50394.0    50438
read      375.8   223.1   160.7   220.8   233.3   326.5   403.3   457.9   497.6   539.2   582.3   637.9   767.0  1702.4  8140.7  48985.5    48878
read      383.2   207.6   160.7   221.2   234.3   335.3   420.4   475.2   512.8   549.2   589.4   642.2   776.6  1782.4  7246.2  42636.8    42682
read      406.7   236.2   160.7   227.0   242.8   375.2   464.7   507.0   533.3   561.4   592.9   640.8   765.5  2573.7  9252.8  27395.9    27416
read      353.2   210.3   160.7   219.3   230.3   309.7   368.8   411.6   446.3   487.2   534.0   593.1   731.1  1946.3  8184.9  64438.0    64424
read      354.7   229.7   160.7   219.6   230.9   310.7   370.4   413.6   447.9   488.6   536.1   593.8   729.5  1996.9  8700.7  64200.7    64364
read      444.9   467.3   187.4   281.0   307.1   409.3   452.7   475.1   494.6   516.5   546.1   594.3   803.7  8230.1 15732.2   5446.4     5481
read      418.8   227.6   173.5   230.3   248.4   399.1   474.6   512.8   537.3   564.8   596.3   645.4   782.3  2198.0  8761.1  26224.4    26227
read      417.9   231.9   160.7   228.9   246.2   393.7   474.2   513.5   539.4   567.7   599.7   650.9   784.7  2644.1  9709.5  26588.1    26586
read      329.3   207.4   160.7   217.2   227.6   294.4   338.1   369.0   394.8   427.6   469.1   532.4   675.0  2000.6  8020.0  86324.9    86286
read      410.9   228.1   160.7   229.8   246.2   387.4   470.5   508.9   533.0   558.7   588.5   635.9   759.5  2298.3 10048.7  24420.6    24452
read      406.2   247.3   160.7   227.5   243.3   376.3   464.6   507.1   532.2   558.7   589.7   636.7   747.4  2514.5 11833.4  26851.1    26832
read      403.3   248.6   160.7   225.7   241.0   367.3   459.0   503.8   531.6   560.4   592.2   640.2   767.2  2326.9  9994.2  29726.2    29795
read      376.8   223.1   160.7   220.9   233.7   328.9   407.4   462.2   499.5   538.3   580.6   635.4   757.0  1759.7  8328.2  46096.8    46224
read      328.4   163.4   160.7   217.0   227.5   294.3   338.1   370.0   396.7   430.8   473.9   537.0   666.4  1568.5  5561.8  84696.2    84587
read      353.4   188.2   160.7   219.2   230.2   309.7   370.0   414.4   449.6   491.0   538.5   597.8   731.5  1836.6  6525.2  63388.3    63389
read      375.4   240.8   160.7   221.1   233.8   328.3   405.8   459.5   497.1   535.5   576.1   629.2   742.0  1686.5  7739.1  46962.2    46953
read      325.4   205.5   160.7   216.8   227.3   292.5   333.8   363.1   387.4   418.9   459.8   520.7   657.3  1849.9  8132.3  90521.9    90536
read      441.1   308.8   173.5   250.8   274.1   426.8   480.9   508.0   528.7   549.9   581.2   629.6   772.4  4487.4 12355.2  12515.9    12508
read      401.7   266.4   160.7   226.4   242.1   359.8   445.5   495.6   527.9   561.4   599.1   654.7   793.0  2387.0 10672.4  38398.5    38491
read      320.3   188.7   160.7   216.8   227.0   290.3   329.1   356.1   377.6   405.7   444.9   503.1   639.4  1768.6  7226.9  97743.9    97806
read      442.4   369.8   173.5   251.3   275.1   428.3   481.7   509.2   530.0   551.3   583.1   630.2   762.4  4313.6 16075.3  11808.6    11813
read      397.4   391.3   160.7   227.3   242.8   360.6   440.8   486.1   516.4   547.6   584.8   639.9   797.4  2117.8  8211.4  39668.1    39665
read      371.1   248.2   160.7   223.0   236.8   328.0   396.4   441.4   474.3   511.9   552.4   610.0   742.0  2321.4 10227.6  53468.9    53571
read      357.7   563.3   160.7   221.8   234.3   316.7   376.2   416.9   447.8   483.8   526.7   583.9   728.5  2013.3  7782.2  63247.9    63215
read      340.8   390.4   160.7   220.9   232.5   305.0   353.0   387.1   413.9   447.5   489.6   547.9   686.0  1861.6  7958.9  78672.4    78767
read      430.0   363.4   173.5   261.3   288.5   410.8   456.5   480.7   498.4   519.4   546.4   590.4   731.8  4055.3 19050.8   8662.6     8615
read      350.1   189.7   160.7   220.9   232.8   310.4   365.8   405.0   437.6   475.8   521.9   582.8   719.5  1614.2  5767.6  67910.4    67903
read      424.8   281.9   160.7   239.8   259.1   413.5   472.7   502.3   523.0   545.4   576.0   624.1   754.5  3684.5 12210.9  16420.5    16398
read      369.0   352.2   160.7   223.1   236.8   326.8   394.7   439.6   472.7   509.6   549.6   607.6   747.8  1885.9  7760.1  53400.5    53434
read      388.3   239.6   160.7   224.8   239.2   345.4   430.6   478.0   508.9   540.3   576.5   628.4   762.5  2471.6  9306.8  38185.6    38068
read      432.9   345.4   173.5   260.2   287.3   413.5   457.5   481.3   500.0   522.7   550.0   597.5   748.9  5586.8 13414.6   9103.7     9130
read      346.2   179.6   160.7   220.6   232.1   308.4   362.1   399.8   430.4   465.9   508.3   568.5   714.4  1697.9  7277.9  69330.2    69227